# KERISE v3
0	0	0	0	0	0	0	0	0	0	0	0	0	0	0	0	0	0	0	0	0	0
0.06	3.27322	120	3.1364	0	-0.00261858	-2.24677e-05	-0	0	-0.000505507	0	-4.90811	0	2.02203e-05	-3.44809e-05	0	2e-05	0.016467	0	6.55506e-08	0	3.8046e-06
0.24	1.10102	240	357.478	0.00750389	-0.000688817	-0.00034979	-0	0	-0.0356249	0	-7.66145	0	0.001425	-3.04368e-05	0	0.00016	0.016467	0	6.55506e-08	0	3.8046e-06
0.54	3.14402	360	1652.74	0.0112869	-0.00208322	-0.000435892	-0	0	-0.114378	0	-57.7003	0	0.0045751	0.000254563	0	0.00054	0.00744927	0	3.52497e-07	0	-3.18203e-05
0.96	2.54315	480	525.072	0.0150907	-0.00126652	-0.000696295	-0	0	-0.212286	0	-19.2733	0	0.00849145	0.00116958	0	0.00128	0.0121543	0	-3.35375e-07	0	-0.000146198
1.5	3.63079	600	525.072	0.0189152	-0.00170463	-0.00085461	0	0	-0.213351	0	-16.2806	0	0.00853402	0.00286787	0	0.0025	0.0101937	0	3.67482e-07	0	-0.000358484
2.16	3.17103	720	-59.1128	0.0227604	-0.000808825	-0.00106769	0	0	-0.182488	0	16.9988	0	0.00729952	0.00457468	-0	0.00432	0.0160748	0	-2.99552e-06	0	-0.000571835
2.94	3.02118	840	-80.6607	0.0266264	-6.49473e-05	-0.00116879	0	0	-0.142047	0	19.9916	0	0.0056819	0.00603458	-0	0.00686	0.0176432	0	-4.17863e-06	0	-0.000754323
3.84	3.02022	960	165.942	0.030513	0.000655823	-0.00117691	0	0	-0.122891	0	9.57681	0	0.00491566	0.00717096	-0	0.01024	0.0203876	0	-6.63866e-06	0	-0.00089637
4.86	3.32898	1080	-35.1708	0.0344205	0.00122481	-0.00109493	0	0	-0.0994784	0	15.3229	0	0.00397914	0.00815409	-0	0.01458	0.0227402	0	-9.03657e-06	0	-0.00101926
6	2.82795	1200	-284.168	0.0383486	0.00253763	-0.000941831	0	0	-0.0728728	0	23.3435	0	0.00291491	0.00894992	-0	0.02	0.027445	0	-1.42999e-05	0	-0.00111874
7.26	2.79629	1320	-214.736	0.0422975	0.00357096	-0.000624627	0	0	-0.0515883	0	10.8936	0	0.00206353	0.0095329	-0	0.02662	0.0294055	0	-1.66361e-05	0	-0.00119161
8.63999	1.96376	1440	-341.629	0.0462671	0.00534099	-0.000178257	0	0	-0.0334965	0	13.8864	0	0.00133986	0.00994561	-0	0.03456	0.0329341	0	-2.10228e-05	0	-0.0012432
10.14	1.93625	1560	-523.588	0.0502574	0.006563	0.000489367	0	0	-0.0100835	0	17.7171	0	0.000403341	0.0102136	-0	0.04394	0.0329342	0	-2.1023e-05	0	-0.0012767
11.76	1.5202	1680	-624.144	0.0542684	0.00819183	0.00130974	0	0	0.0197148	0	25.3785	0	-0.000788591	0.0102943	-0	0.05488	0.0368547	0	-2.60679e-05	0	-0.00128678
13.5	1.58145	1800	-523.588	0.0583002	0.00953483	0.00233372	0	0	0.0527057	0	31.4838	0	-0.00210823	0.0101365	-0	0.0675	0.0392073	0	-2.90488e-05	0	-0.00126707
15.36	1.55041	1920	-231.495	0.0623527	0.0110477	0.00352558	0	0	0.0814398	0	27.4136	0	-0.00325759	0.00971489	-0	0.08192	0.0431281	0	-3.381e-05	0	-0.00121436
17.34	1.83386	2040	55.8088	0.066426	0.0124049	0.00490653	0	0	0.0995317	0	14.2455	0	-0.00398127	0.00906337	-0	0.09826	0.0454804	0	-3.64749e-05	0	-0.00113292
19.44	2.37823	2160	158.76	0.07052	0.0136494	0.00645715	0	0	0.112302	0	5.38695	0	-0.00449209	0.00826711	-0	0.11664	0.0482248	0	-3.9311e-05	0	-0.00103339
21.66	3.63031	2280	101.299	0.0746347	0.0144237	0.00816332	0	0	0.120816	0	5.38695	0	-0.00483265	0.00736869	-0	0.13718	0.0521455	0	-4.29223e-05	0	-0.000921087
24	4.91148	2400	254.528	0.0787701	0.0152708	0.00996629	0	0	0.113367	0	2.63362	0	-0.00453466	0.00640217	-0	0.16	0.0603789	0	-4.95113e-05	0	-0.000800271
26.46	7.70254	2520	1090.1	0.0829263	0.015006	0.0118751	0	0	0.0580269	0	-25.7377	0	-0.00232108	0.00549523	0	0.18522	0.0693969	0	-5.57058e-05	0	-0.000686904
29.04	10.3921	2640	2347.06	0.0871031	0.0149183	0.0137509	0	0	0.00694407	0	18.9142	0	-0.000277763	0.00503102	-0	0.21296	0.0839033	0	-6.48285e-05	0	-0.000628877
3=.74	13.432	2760	2967.16	0.0913007	0.0146464	0.0156157	-0	0	0.072926	0	74.5794	0	-0.00291704	0.00497547	-0	0.24334	0.0956655	0	-7.21439e-05	0	-0.000621933
34.56	16.6554	2880	2780.41	0.0955191	0.0143237	0.0174465	0	0	0.146358	0	3.23218	0	-0.0058543	0.00439206	-0	0.27648	0.109388	0	-7.96777e-05	0	-0.000549007
37.5	19.622	3000	2481.14	0.0997582	0.0143024	0.0192369	0	0	0.10911	0	-57.1017	0	-0.00436439	0.0032212	0	0.3125	0.127816	0	-8.70975e-05	0	-0.00040265
40.56	23.0051	3120	2469.16	0.104018	0.0140439	0.0210247	0	0	0.0484489	0	-16.4003	0	-0.00193795	0.00234832	0	0.35152	0.14938	0	-9.34274e-05	0	-0.00029354
43.74	25.3204	324p	3156.3	p.108299	0.0147357	0.0227802	0	0	0.039935	0	1.19709	0	-0.0015974	0.00196073	-0	0.39366	0.176041	0	-9.99618e-05	0	-0.000245091
47.04	28.8193	3360	3156.3	0.1126	0.0145766	0.0246222	0	0	0.0335497	0	-34.2371	0	-0.00134199	0.00164125	0	0.43904	0.197997	0	-0.000104466	0	-0.000205156
50.46	32.0026	3480	2950.4	0.116922	0.0147659	0.0264443	0	0	-0.0196616	0	-55.3061	0	0.000786462	0.00137285	0	0.48778	0.228186	0	-0.000109647	0	-0.000171606
54	34.7538	3600	2912.09	0.121264	0.015397	0.02829	0	0	-0.0611663	0	-12.0907	0	0.00244665	0.00153014	0	0.54	0.261121	0	-0.000115946	0	-0.000191268
57.66	37.923	3720	3240.1	0.125628	0.0157896	0.0302146	0	0	-0.0696801	0	2.87305	0	0.00278721	0.00201947	-0	0.59582	0.295231	0	-0.000124557	0	-0.000252434
61.44	42.9009	3840	3548.95	0.130012	0.0148313	0.0321883	0	0	-0.0718086	0	-3.11246	0	0.00287234	0.00257691	0	0.65536	0.33287	0	-0.000136681	0	-0.000322114
65.34	48.3429	3960	3805.13	0.134417	0.0135977	0.0340422	0	0	-0.0632948	0	19.9916	0	0.00253179	0.00315138	-0	0.71874	0.381487	0	-0.000155832	0	-0.000393923
69.36	52.3493	4080	4645.49	0.138843	0.0136085	0.0357419	-0	0	-0.00795508	0	11.3725	0	0.000318203	0.00365774	-0	0.78608	0.436377	0	-0.000180929	0	-0.000457218
73.5	58.1422	4200	4645.49	0.143289	0.0122862	0.037443	-0	0	-0.00369818	0	25.1391	0	0.000147927	0.00372138	-0	0.8575	0.486171	0	-0.000204091	0	-0.000465173
77.76	61.4266	4320	4918.43	0.147756	0.0130667	0.0389788	-0	0	0.039935	0	24.5406	0	-0.0015974	0.00375097	-0	0.93312	0.548902	0	-0.000233505	0	-0.000468871
82.14	66.2497	4440	4918.43	0.152244	0.0127122	0.0406121	-0	0	0.0463204	0	32.5612	0	-0.00185282	0.00343149	-0	1.01306	0.603793	0	-0.000257049	0	-0.000428936
86.64	70.0962	4560	4511.42	0.156752	0.013235	0.0422011	0	0	0.113367	0	54.7075	0	-0.00453466	0.00306092	-0	1.09744	0.669661	0	-0.000282251	0	-0.000382616
91.2599	74.4243	4680	4604.79	0.161282	0.0134685	0.0438555	0	0	0.186798	0	57.9397	0	-0.00747192	0.00215399	-0	1.18638	0.737098	0	-0.000300409	0	-0.000269249
95.9999	81.5654	4800	5184.19	0.165832	0.0115476	0.0455391	-0	0	0.233624	0	39.3846	0	-0.00934496	0.000659607	-0	1.28	0.810415	0	-0.000306454	0	-8.24509e-05
100.86	86.9748	4920	5785.13	0.170402	0.0111081	0.0469825	-0	0	0.269808	0	13.0484	0	-0.0107923	-0.00120939	-0	1.37842	0.899808	0	-0.00029294	0	0.000151173
105.84	92.9491	5040	5785.13	0.174994	0.0103127	0.0483711	-0	0	0.269808	0	10.8936	0	-0.0107923	-0.00336785	-0	1.48176	0.98528	0	-0.000256958	0	0.000420981
110.94	102.131	5160	5995.82	0.179606	0.00704678	0.0496601	-0	0	0.262358	0	-3.83071	0	-0.0104943	-0.00552631	0	1.59014	1.07899	0	-0.000192227	0	0.000690788
116.16	108.498	5280	6340.59	0.184239	0.00612914	0.050541	-0	0	0.261294	0	-8.73882	0	-0.0104518	-0.00762517	0	1.70368	1.19386	0	-8.2732e-05	0	0.000953147
121.5	115.239	5400	6340.59	0.188893	0.00500881	0.0513071	-0	0	0.261294	0	5.02783	0	-0.0104518	-0.00971552	-0	1.8225	1.30247	0	4.91611e-05	0	0.00121444
126.96	123.904	5520	6608.74	0.193567	0.00244478	0.0519332	-0	0	0.24533	0	-27.5333	0	-0.00981322	-0.0118059	0	1.94672	1.4193	0	0.000221583	0	0.00147573
132.54	127.766	5640	6496.21	0.198262	0.0038189	0.0522388	-0	0	0.112302	0	-66.9179	0	-0.00449209	-0.0137685	0	2.07646	1.55143	0	0.000448985	0	0.00172106
138.24	137.207	5760	6496.21	0.202978	0.000825818	0.0527162	-0	0	0.0952748	0	-86.5504	0	-0.00381099	-0.0146669	0	2.21184	1.66866	0	0.000663911	0	0.00183337
144.06	148.035	5880	6864.92	0.207714	-0.00318044	0.0528194	-0	0	-0.0324323	0	-71.8261	0	0.00129729	-0.0154291	0	2.35298	1.81765	0	0.000951255	0	0.00192864
153	151.78	6000	6893.65	0.21299	0.00097583	0.0524219	-0	0	-0.0930931	-0	-25.9771	0	0.00372372	-0.0151697	0	2.5	1.98154	0	0.00126202	0	0.00189621
159	164.657	6000	6893.65	0.214027	-0.00452526	0.0525438	-0	0	-0.0920289	-0	-14.2455	0	0.00368116	-0.0144249	0	2.653	2.12072	0	0.00151299	0	0.00180312
165	169.6	6000	6371.71	0.214027	-0.00847996	0.0519782	-0	0	-0.0760655	-0	1.19709	0	0.00304262	-0.0136887	-0	2.81199	2.4732	0	0.00210363	0	0.00163502
171	182.337	6000	6371.71	0.2161	-0.00906971	0.0509182	-0	0	-0.073937	-0	12.2104	0	0.00295748	-0.0130802	-0	2.97699	2.4732	0	0.00210363	0	0.00163502
177	194.41	6000	7549.66	0.217136	-0.0139281	0.0497845	-0	0	-0.0941573	-0	-31.0049	0	0.00376629	-0.0124887	0	3.14799	2.68099	0	0.00242803	0	0.00156109
183	198.064	6000	7983.01	0.218172	-0.012051	0.0480434	-0	0	-0.161204	-0	-56.0243	0	0.00644814	-0.0117354	0	3.32499	2.8935	0	0.00273975	0	0.00146693
189	208.044	6000	7983.01	0.219209	-0.0152351	0.0465371	-0	0	-0.173974	-0	-25.9771	0	0.00695897	-0.0104458	0	3.50799	3.07424	0	0.00297576	0	0.00130572
195	207.981	6000	7137.86	0.220245	-0.0103847	0.0446327	-0	0	-0.160139	-0	24.0617	0	0.00640557	-0.009054	-0	3.69699	3.29028	0	0.00322025	0	0.00113175
201	213.968	6000	7137.86	0.221282	-0.0103748	0.0433346	-0	0	-0.154818	-0	-46.5672	0	0.00619273	-0.00777289	0	3.89199	3.46945	0	0.00339434	0	0.000971611
207	226.989	6000	6252	0.222318	-0.0159913	0.0420377	-0	0	-0.192066	-0	-55.9046	0	0.00768264	-0.00653434	0	4.09299	3.67882	0	0.00356535	0	0.000816793
213	231.983	6000	5550.5	0.223355	-0.0151862	0.0400388	0	0	-0.301681	-0	-13.7667	0	0.0120672	-0.00499781	0	4.29999	3.93288	0	0.00372407	0	0.000624727
219	245.623	6000	5550.5	0.224391	-0.021298	0.0381406	0	0	-0.293167	-0	2.63362	0	0.0117267	-0.00258436	-0	4.51299	4.16264	0	0.00379829	0	0.000323045
225	249.345	6000	4992.65	0.225428	-0.0194756	0.0354783	0	0	-0.197387	-0	58.1791	0	0.00789549	-0.000239023	-0	4.73199	4.44062	0	0.0038066	0	2.98779e-05
231	255.615	6000	4992.65	0.226464	-0.0196924	0.0330438	0	0	-0.17291	-0	69.9107	0	0.0069164	0.00134007	-0	4.95699	4.68488	0	0.00376568	0	-0.000167509
237	263.763	6000	5083.63	0.2275	-0.0214106	0.0305823	0	0	-0.126084	-0	56.2637	0	0.00504336	0.00272335	-0	5.18799	4.94561	0	0.00367693	0	-0.000340419
243	271.693	6000	6651.83	0.228537	-0.0229543	0.027906	-0	0	-0.113313	-0	-12.0907	0	0.00453254	0.00373203	0	5.42499	5.22163	0	0.00354816	0	-0.000466503
249	275.787	6000	6388.47	0.229573	-0.0214296	0.0250367	-0	0	-0.0590379	-0	17.2383	0	0.00236152	0.00463853	-0	5.66799	5.49843	0	0.00338767	0	-0.000579817
255	278.295	6000	4743.66	0.23061	-0.0186363	0.022358	0	0	0.0825041	-0	91.6979	0	-0.00330016	0.00511084	-0	5.91699	5.76504	0	0.00321734	0	-0.000638855
261	282.688	6000	3805.13	0.231646	-0.0173502	0.0200285	0	0	0.237881	-0	95.5286	0	-0.00951524	0.0044508	-0	6.17199	6.0344	0	0.00306749	0	-0.000556351
267	280.389	6000	4772.39	0.232683	-0.010711	0.0178597	0	0	0.264487	-0	17.1186	0	-0.0105795	0.00254776	-0	6.43299	6.31943	0	0.00297671	0	-0.00031847
273	281.921	6000	4772.39	0.233719	-0.00713716	0.0165208	0	0	0.268743	-0	33.3991	0	-0.0107497	0.000431864	-0	6.69999	6.57154	0	0.0029631	0	-5.39829e-05
279	285.408	6000	4559.3	0.234756	-0.00512634	0.0156287	0	0	0.315569	-0	21.4281	0	-0.0126228	-0.00171808	-0	6.97299	6.8405	0	0.00302086	0	0.000214761
285	296.294	6000	3604.02	0.235792	-0.00903494	0.0149879	0	0	0.358138	-0	-11.133	0	-0.0143255	-0.00424264	0	7.25199	7.12162	0	0.00316995	0	0.00053033
291	307.526	6000	4602.4	0.236828	-0.0132209	0.0138585	0	0	0.333661	-0	34.5962	0	-0.0133464	-0.00710775	-0	7.53699	7.44704	0	0.00345907	0	0.000888468
297	301.937	6000	5301.5	0.237865	-0.00394988	0.0122059	0	0	0.420928	-0	112.887	0	-0.0168371	-0.00977704	-0	7.82799	7.78108	0	0.00386732	0	0.00122213
303	315.11	6000	5301.5	0.238901	-0.00968774	0.0117122	0	0	0.417735	-0	2.15479	0	-0.0167094	-0.0131445	-0	8.12499	8.03946	0	0.00429185	0	0.00164306
309	312.301	6000	6261.58	0.239938	-0.00264072	0.0105012	-0	0	0.269808	-0	-93.733	0	-0.0107923	-0.0164863	0	8.42799	8.38605	0	0.0050061	0	0.00206079
315	322.757	6000	6261.58	0.240974	-0.00620566	0.0101711	-0	0	0.247459	-0	-35.5539	0	-0.00989836	-0.0186448	0	8.73699	8.66207	0	0.0056494	0	0.0023306
321	319.967	6000	5157.85	0.242011	0.000826611	0.0093954	0	0	0.347496	-0	-4.7884	0	-0.0138998	-0.0206245	0	9.05199	9.0016	0	0.00652474	0	0.00257806
327	325.968	6000	5157.85	0.243047	0.000825513	0.00949872	0	0	0.358138	-0	39.624	0	-0.0143255	-0.0234044	-0	9.37299	9.28978	0	0.0073678	0	0.00292555
333	341.829	6000	6141.87	0.244084	-0.00706284	0.00960191	-0	0	0.352817	-0	7.18262	0	-0.0141127	-0.0262695	-0	9.69999	9.61912	0	0.00844926	0	0.00328369
339	340.21	6000	5313.48	0.24512	-0.000968091	0.00871906	0	0	0.290028	-0	4.30955	0	-0.0116011	-0.0290921	-0	10.033	9.99982	0	0.00983369	0	0.00363651
345	346.051	6000	5313.48	0.24512	-0.00564092	0.00859804	0	0	0.278321	-0	-49.6797	0	-0.0111329	-0.0314123	0	10.372	10.3123	0	0.0110607	0	0.00392654
351	360.057	6000	4923.22	0.247193	-0.00724534	0.00789293	0	0	0.182541	-0	-88.2263	0	-0.00730165	-0.0336389	0	10.717	10.6605	0	0.0125246	0	0.00420486
357	366.613	6000	6366.92	0.248229	-0.0076908	0.00698726	-0	0	0.181477	-0	-5.26724	0	-0.00725908	-0.0350992	0	11.068	11.0568	0	0.0142637	0	0.0043874
363	370.212	6000	6366.92	0.249266	-0.00576975	0.00602591	-0	0	0.185734	-0	48.8417	0	-0.00742936	-0.036551	-0	11.425	11.4242	0	0.0159422	0	0.00456888
369	381.354	6000	6893.65	0.250302	-0.00988318	0.00530469	-0	0	0.209147	-0	-17.8368	0	-0.00836587	-0.0380369	0	11.788	11.7833	0	0.0176498	0	0.00475461
375	374.498	6000	4825.06	0.251339	0.000401733	0.0040693	0	0	0.0707976	-0	2.75334	0	-0.0028319	-0.0397101	-0	12.157	12.1817	0	0.019627	0	0.00496376
381	380.932	6000	4825.06	0.252375	5.43457e-05	0.00411951	0	0	0.0601553	-0	-79.8466	0	-0.00240621	-0.0402765	0	12.532	12.5095	0	0.0212772	0	0.00503456
387	391.314	6000	6074.83	0.253412	-0.00345083	0.00412631	-0	0	-0.0207258	-0	-66.4391	0	0.000829031	-0.0407577	0	12.913	12.8968	0	0.0232508	0	0.00509471
393	386.908	6000	5967.09	0.254448	0.00487371	0.00369495	0	0	-0.201644	-0	-42.2577	0	0.00806576	-0.0405919	0	13.3	13.3053	0	0.0253237	0	0.00507399
399	407.221	6000	5967.09	0.255485	-0.0065772	0.00430417	0	0	-0.212286	-0	-75.6568	0	0.00849145	-0.0389787	0	13.693	13.6508	0	0.0270067	0	0.00487234
405	408.123	6000	4913.64	0.256521	-0.00249819	0.00348202	0	0	-0.264433	-0	-23.2238	0	0.0105773	-0.0372805	0	14.092	14.1154	0	0.0291717	0	0.00466006
411	425.389	6000	4913.64	0.257557	-0.0115114	0.00316974	0	0	-0.249534	-0	62.8478	0	0.00998137	-0.035165	-0	14.497	14.5074	0	0.0308951	0	0.00439562
417	418.224	6000	6527.34	0.258594	-0.000978906	0.00173081	-0	0	-0.233571	-0	5.8658	0	0.00934283	-0.0331687	-0	14.908	14.9822	0	0.0328637	0	0.00414609
423	426.527	6000	6527.34	0.25963	-0.00282195	0.00160845	-0	0	-0.245277	-0	-122.703	0	0.00981109	-0.0313001	0	15.325	15.3457	0	0.0342857	0	0.00391252
429	439.252	6000	6189.75	0.260667	-0.00820149	0.0012557	-0	0	-0.424067	-0	-169.629	0	0.0169627	-0.0293379	0	15.748	15.7793	0	0.0358759	0	0.00366724
435	435.283	6000	4774.78	0.261703	-0.000226196	0.000230517	0	0	-0.374049	-0	16.8791	0	0.0149619	-0.0259454	-0	16.177	16.2447	0	0.0373853	0	0.00324317
441	451.789	6000	4774.78	0.26274	-0.00863149	0.000202243	0	0	-0.367663	-0	53.7498	0	0.0147065	-0.022953	-0	16.612	16.645	0	0.0385338	0	0.00286912
447	446.889	6000	6450.72	0.263776	8.89648e-05	-0.000876694	-0	0	-0.519847	-0	-69.1924	0	0.0207939	-0.0200117	0	17.053	17.1437	0	0.0397813	0	0.00250146
453	466.527	6000	5121.94	0.264812	-0.0108219	-0.000865574	0	0	-0.498563	-0	-12.0907	0	0.0199425	-0.0158529	0	17.5	17.5452	0	0.0405769	0	0.00198161
458.88	461.389	5880	3271.22	0.262097	-0.00200742	-0.00221831	0	0	-0.309131	-0	116.957	0	0.0123652	-0.0118644	-0	17.953	18.0698	0	0.0413549	0	0.00148305
464.64	473.297	5760	5062.08	0.259361	-0.00692537	-0.00246924	0	0	-0.315516	-0	2.51389	0	0.0126206	-0.00939136	-0	18.4118	18.4975	0	0.0418571	0	0.00117392
470.28	487.913	5640	6034.13	0.256604	-0.0141065	-0.00333491	-0	0	-0.335736	-0	-45.7293	0	0.0134295	-0.00686724	0	18.8765	18.9982	0	0.0422868	0	0.000858404
475.8	481.873	5520	5921.6	0.253826	-0.00485813	-0.00509822	-0	0	-0.308067	-0	37.2299	0	0.0123227	-0.00418134	-0	19.3467	19.5205	0	0.0425598	0	0.000522668
481.2	497.965	5400	5220.1	0.251028	-0.013412	-0.00570549	0	0	-0.320837	-0	-7.06289	0	0.0128335	-0.00171681	0	19.8225	19.9545	0	0.0426529	0	0.000214601
486.48	489.721	5280	3817.1	0.248209	-0.00259246	-0.00738199	0	0	-0.22825	-0	36.9904	0	0.00912999	0.000849888	-0	20.3037	20.4959	0	0.0425954	0	-0.000106236
491.64	493.5	5160	3062.93	0.245369	-0.00148784	-0.00770604	0	0	-0.173974	-0	119.112	0	0.00695897	0.00267589	-0	20.7902	20.9374	0	0.0424478	0	-0.000334486
496.68	495.149	5040	2620	0.242508	0.00122449	-0.00789202	0	0	0.0261001	-0	63.0872	0	-0.001044	0.00406768	-0	21.2818	21.4338	0	0.0421954	0	-0.00050846
501.6	501.38	4920	3465.15	0.239627	0.000176318	-0.00773896	0	0	0.10911	-0	11.971	0	-0.00436439	0.00385888	-0	21.7784	21.9251	0	0.0419584	0	-0.00048236
506.4	509.646	4800	4137.92	0.236725	-0.00259717	-0.00771692	0	0	0.0984674	-0	87.1489	0	-0.0039387	0.002986	-0	22.28	22.4375	0	0.0417671	0	-0.00037325
511.08	520.585	4680	4544.94	0.233802	-0.00760381	-0.00804157	0	0	0.108045	-0	64.7632	0	-0.00432182	0.00219826	-0	22.7864	22.9637	0	0.0416226	0	-0.000274783
515.64	508.91	4560	3812.31	0.230858	0.00538372	-0.00899205	0	0	0.13678	-0	5.50667	0	-0.00547118	0.0013339	-0	23.2975	23.5098	0	0.0415315	0	-0.000166737
520.08	514.278	4439.99	3082.08	0.227894	0.00464189	-0.00831908	0	0	0.151679	-0	41.6591	0	-0.00606715	0.000239662	-0	23.8131	23.9568	0	0.0415181	0	-2.99577e-05
524.4	539.007	4319.99	3436.42	0.224909	-0.0116858	-0.00773884	0	0	0.251716	-0	53.0316	0	-0.0100686	-0.000973768	-0	24.3331	24.4802	0	0.0415818	0	0.000121721
528.6	524.827	4199.99	2737.31	0.221903	0.00301831	-0.00919957	0	0	0.327276	-0	31.0049	0	-0.013091	-0.00298749	-0	24.8575	25.1044	0	0.0418149	0	0.000373437
532.68	540.191	4079.99	3187.42	0.218877	-0.0060085	-0.00882228	0	0	0.332597	-0	-9.45709	0	-0.0133039	-0.0056057	0	25.3861	25.5615	0	0.0421352	0	0.000700713
536.64	519.47	3959.99	3874.56	0.21583	0.0137363	-0.00957335	0	0	0.179349	-0	-9.09797	0	-0.00717394	-0.00826648	0	25.9188	26.1504	0	0.0427438	0	0.00103331
540.48	524.878	3839.99	4008.64	0.212762	0.012482	-0.0078563	-0	0	0.175092	-0	-81.2832	0	-0.00700367	-0.00970127	0	26.4554	26.5715	0	0.0432544	0	0.00121266
544.2	526.786	3719.99	3927.23	0.209673	0.0139309	-0.00629606	-0	0	0.113367	-0	-127.731	0	-0.00453466	-0.011102	0	26.9959	27.102	0	0.0439906	0	0.00138775
547.8	549.65	3599.99	2368.61	0.209673	-0.00436001	-0.0045547	0	0	0.0612196	-0	13.2878	0	-0.00244878	-0.0120089	-0	27.54	28.2523	0	0.045756	0	0.00156234
551.28	535.697	3479.99	2545.78	0.203434	0.0124661	-0.0050997	0	0	0.139972	-0	68.5939	0	-0.00559889	-0.0124987	-0	28.0878	28.2523	0	0.045756	0	0.00156234
554.64	547.647	3359.99	4087.64	0.200283	0.00559468	-0.00354144	-0	0	0.12933	-0	-89.4234	0	-0.0051732	-0.0136185	0	28.6391	28.722	0	0.0465556	0	0.00170231
557.88	536.163	3239.99	3661.48	0.197112	0.0173731	-0.00284211	-0	0	-0.122891	-0	-118.154	0	0.00491566	-0.0146531	0	29.1937	29.3011	0	0.0476163	0	0.00183164
561	549.456	3119.99	2845.05	0.193919	0.00923501	-0.000670465	0	0	-0.127148	-0	-12.2104	0	0.00508593	-0.01367	0	29.7516	29.7767	0	0.0484289	0	0.00170875
564	536.401	2999.99	2246.5	0.190706	0.0220793	0.000483911	0	0	0.072926	-0	79.6072	0	-0.00291704	-0.0126528	-0	30.3125	30.368	0	0.0493641	0	0.0015816
566.88	537.961	2879.99	2256.08	0.187473	0.0231349	0.00324383	0	0	0.0942105	-0	57.4608	0	-0.00376842	-0.0132362	-0	30.8765	30.8431	0	0.0501503	0	0.00165452
569.64	556.278	2759.99	2222.56	0.184218	0.0106898	0.00613569	0	0	0.167642	-0	3.23217	0	-0.00670568	-0.0139899	-0	31.4434	31.3783	0	0.0510862	0	0.00174874
572.28	550.179	2639.99	1865.83	0.180943	0.0176809	0.00747192	0	0	0.128266	-0	31.2443	0	-0.00513063	-0.015331	-0	32.013	31.999	0	0.0522756	0	0.00191638
574.8	560.568	2519.99	1837.09	0.177647	0.0113858	0.00968202	0	0	0.145293	-0	50.9965	0	-0.00581173	-0.0163571	-0	32.5853	32.5173	0	0.0533353	0	0.00204464
577.2	552.902	2399.99	4116.38	0.17433	0.0194381	0.0111053	-0	0	0.0644122	-0	3.59131	0	-0.00257649	-0.0175195	-0	33.16	33.1121	0	0.0546379	0	0.00218994
579.48	561.532	2279.99	5416.43	0.170993	0.0143579	0.013535	-0	0	0.0718618	-0	-9.81624	0	-0.00287447	-0.0180348	0	33.7372	33.6178	0	0.0557781	0	0.00225435
581.64	576.144	2159.99	4954.35	0.167635	0.00439697	0.0153298	-0	0	0.128266	-0	15.5623	0	-0.00513063	-0.0186097	-0	34.3167	34.1922	0	0.0571142	0	0.00232621
583.68	583.023	2039.99	5411.64	0.164256	0.000525488	0.0158794	-0	0	0.203826	-0	6.70376	0	-0.00815303	-0.0196358	-0	34.8983	34.807	0	0.0586231	0	0.00245448
585.6	576.992	1919.99	3932.02	0.160856	0.00688613	0.0159451	-0	0	0.378359	-0	7.30232	0	-0.0151343	-0.0212664	-0	35.482	35.3959	0	0.0601886	0	0.0026583
587.4	591.72	1799.99	1516.27	0.157436	-0.00345635	0.0168058	0	0	0.395386	-0	5.9855	0	-0.0158154	-0.0242933	-0	36.0676	35.933	0	0.0618197	0	0.00303666
589.08	580.217	1679.99	2402.13	0.153995	0.00709028	0.0163738	-0	0	0.0942105	-0	-51.7148	0	-0.00376842	-0.0274564	0	36.6549	36.5776	0	0.0640319	0	0.00343205
590.64	596.241	1559.99	2962.37	0.150533	-0.00448115	0.0172601	-0	0	0.104853	-0	-33.878	0	-0.00419411	-0.0282101	0	37.244	37.1022	0	0.0658817	0	0.00352626
592.08	590.197	1439.99	1339.1	0.147051	0.00150596	0.0166999	0	0	0.193183	-0	16.52	0	-0.00772734	-0.0290489	-0	37.8346	37.7507	0	0.0682365	0	0.00363111
593.4	606.642	1319.99	2258.47	0.147051	-0.01165	0.0168882	-0	0	0.192119	-0	-82.7197	0	-0.00768477	-0.0305943	0	38.4267	38.3113	0	0.0703806	0	0.00382429
594.6	599.471	1199.99	3510.64	0.140024	-0.00389702	0.0154319	-0	0	0.0718618	-0	-48.9614	0	-0.00287447	-0.0321313	0	39.0201	38.9747	0	0.073045	0	0.00401641
595.68	583.312	1079.99	1363.04	0.136479	0.00989424	0.0149448	-0	0	0.0271643	-0	-22.1464	0	-0.00108657	-0.0327062	0	39.6146	39.5315	0	0.0753212	0	0.00408827
596.64	597.542	959.988	-1055.1	0.132914	-0.000721973	0.0161816	0	0	0.0527057	-0	-27.1742	0	-0.00210823	-0.0329235	0	40.2103	40.0447	0	0.0774333	0	0.00411544
597.48	595.802	839.987	-1189.18	0.132914	0.000669922	0.0160913	0	0	0.116559	-0	25.9771	0	-0.00466237	-0.0333452	-0	40.8069	40.7033	0	0.0801788	0	0.00416814
598.2	580.093	719.987	-755.826	0.125721	0.014485	0.0161751	0	0	0.0995317	-0	3.95043	0	-0.00398127	-0.0342776	-0	41.4044	41.2969	0	0.0827222	0	0.0042847
598.8	577.898	599.987	249.739	0.122093	0.0167217	0.0179857	0	0	0.0761187	-0	-24.78	0	-0.00304475	-0.0350739	0	42.0026	41.8172	0	0.0850032	0	0.00438424
599.28	593.907	479.987	2265.66	0.118445	0.00429844	0.0200759	-0	0	0.011201	-0	4.90811	0	-0.000448039	-0.0356828	-0	42.6013	42.3853	0	0.0875372	0	0.00446035
599.64	576.911	359.986	2258.47	0.114776	0.0181832	0.0206132	-0	0	0.00587984	-0	-25.4983	0	-0.000235194	-0.0357724	0	43.2006	43.0342	0	0.0904387	0	0.00447156
599.88	591.205	239.986	659.148	0.111086	0.0069396	0.0228861	-0	0	-0.000505507	-0	-37.8284	0	2.02203e-05	-0.0358195	0	43.8002	43.5341	0	0.0926769	0	0.00447744
600	577.695	119.986	941.664	0.107376	0.0178437	0.0237535	-0	0	-0.159075	-0	-87.5081	0	0.006363	-0.0358154	0	44.4001	44.1798	0	0.0955679	0	0.00447693
600	591.788	0	800.406	0.103645	0.00656895	0.025984	-0	0	-0.208029	-0	-92.1768	0	0.00832118	-0.0345428	0	45.0001	44.6997	0	0.0978126	0	0.00431785
600	576.241	0	304.806	0.103645	0.0190068	0.0268051	-0	0	-0.319773	-0	-59.6156	0	0.0127909	-0.0328786	0	45.6001	45.3447	0	0.100463	0	0.00410983
600	587.955	0	206.644	0.103645	0.00963604	0.029181	-0	0	-0.305938	-0	35.913	0	0.0122375	-0.0303204	-0	46.2001	45.8575	0	0.102407	0	0.00379005
600	575.931	0	711.82	0.103645	0.0192551	0.0303855	-0	0	0.0665407	-0	223.738	0	-0.00266163	-0.0278729	-0	46.8001	46.4915	0	0.104616	0	0.00348411
600	591.645	0	2287.2	0.103645	0.00668398	0.0327924	-0	0	0.122945	-0	131.801	0	-0.00491778	-0.0284052	-0	47.4001	47.0165	0	0.10648	0	0.00355065
600	582.518	0	1923.29	0.103645	0.0139853	0.0336279	-0	0	0.188927	-0	-10.7739	0	-0.00755706	-0.0293888	0	48.0001	47.6618	0	0.108851	0	0.0036736
600	594.937	0	402.968	0.103645	0.00405029	0.035376	-0	0	0.199569	-0	14.4849	0	-0.00798275	-0.0309002	-0	48.6001	48.2001	0	0.11093	0	0.00386253
600	584.675	0	249.739	0.103645	0.0122596	0.0358823	-0	0	0.174027	-0	3.95043	0	-0.0069611	-0.0324968	-0	49.2001	48.8431	0	0.113542	0	0.00406209
600	610.305	0	1087.71	0.103645	-0.00824453	0.0374148	-0	0	0.17722	-0	-58.5382	0	-0.0070888	-0.033889	0	49.8001	49.3857	0	0.11584	0	0.00423612
600	603.162	0	1128.41	0.103645	-0.00253003	0.0363842	-0	0	0.0686691	-0	10.8936	0	-0.00274677	-0.0353067	-0	50.4001	50.0942	0	0.118967	0	0.00441334
600	619.237	0	2782.8	0.103645	-0.0153899	0.036068	-0	0	0.063348	-0	-42.0182	0	-0.00253392	-0.0358561	0	51.0001	50.6643	0	0.121522	0	0.00448201
600	600.258	0	3661.48	0.103645	-0.000206836	0.0341442	-0	0	-0.120763	-0	-126.773	0	0.00483052	-0.0363629	0	51.6001	51.3367	0	0.124579	0	0.00454536
600	614.809	0	1719.78	0.103645	-0.0118473	0.0341184	-0	0	-0.144176	-0	-82.2408	0	0.00576704	-0.0353968	0	52.2001	51.8464	0	0.126834	0	0.0044246
600	594.992	0	-942.573	0.103645	0.0040061	0.0326375	0	0	-0.162268	-0	-67.3968	0	0.00649071	-0.0342434	0	52.8001	52.5125	0	0.129685	0	0.00428042
600	583.346	0	-2055.88	0.103645	0.0133233	0.0331382	0	0	-0.179295	-0	-77.0933	0	0.00717181	-0.0329452	0	53.4001	53.032	0	0.131824	0	0.00411815
600	587.989	0	-2640.06	0.103645	0.0096083	0.0348036	0	0	-0.272947	-0	-17.358	0	0.0109179	-0.0315109	0	54.0001	53.577	0	0.133971	0	0.00393886
600	571.192	0	-2304.87	0.103645	0.0230462	0.0360047	0	0	-0.320837	-0	40.462	0	0.0128335	-0.0293273	-0	54.6001	54.1941	0	0.136233	0	0.00366591
600	595.604	0	-571.472	0.103645	0.00351631	0.0388854	0	0	-0.315516	-0	46.0884	0	0.0126206	-0.0267606	-0	55.2001	54.7073	0	0.13795	0	0.00334507
600	578.891	0	-99.8143	0.103645	0.0168865	0.039325	0	0	-0.128213	-0	102.232	0	0.0051285	-0.0242365	-0	55.8001	55.4028	0	0.140057	0	0.00302956
600	598.22	0	-99.8143	0.103645	0.00142334	0.0414358	0	0	-0.137791	-0	73.9808	0	0.00551162	-0.0232108	-0	56.4001	55.9153	0	0.141544	0	0.00290134
600	584.326	0	2215.38	0.103645	0.0125387	0.0416137	-0	0	-0.202708	-0	-51.4753	0	0.00810833	-0.0221084	0	57.0001	56.5912	0	0.143412	0	0.00276355
600	604.891	0	2215.38	0.103645	-0.00391299	0.043181	-0	0	-0.210158	-0	-31.2443	0	0.00840631	-0.0204868	0	57.6001	57.1111	0	0.144743	0	0.00256085
600	596.671	0	1075.74	0.103645	0.00266294	0.0426919	-0	0	-0.109056	-0	30.2867	0	0.00436226	-0.0188055	-0	58.2001	57.7894	0	0.146338	0	0.00235069
600	599.662	0	1075.74	0.103645	0.000270215	0.0430248	-0	0	-0.105864	-0	124.02	0	0.00423455	-0.017933	-0	58.8001	58.3489	0	0.147592	0	0.00224163
600	614.712	0	1312.76	0.103645	-0.0117697	0.0430586	-0	0	0.00800829	-0	151.074	0	-0.000320332	-0.0170861	-0	59.4001	58.9562	0	0.148889	0	0.00213577
600	601.04	0	2107.64	0.103645	-0.000832568	0.0415873	-0	0	0.234688	-0	72.5443	0	-0.00938753	-0.0171502	-0	60.0001	59.6258	0	0.150325	0	0.00214378
600	606.806	0	2107.64	0.103645	-0.00544492	0.0414833	-0	0	0.246395	-0	32.6808	0	-0.00985579	-0.0190277	-0	60.6001	60.1638	0	0.151604	0	0.00237846
600	605.674	0	1592.89	0.103645	-0.00453965	0.0408027	-0	0	0.347496	-0	-7.78116	0	-0.0138998	-0.0209989	0	61.2001	60.7852	0	0.153235	0	0.00262486
600	618.899	0	927.298	0.103645	-0.0151198	0.0402352	-0	0	0.325147	-0	-18.6748	0	-0.0130059	-0.0237788	0	61.8001	61.38	0	0.155003	0	0.00297235
600	610.862	0	1571.34	0.103645	-0.00869028	0.0383452	-0	0	0.23256	-0	-4.54898	0	-0.00930239	-0.02638	0	62.4001	62.0481	0	0.157206	0	0.0032975
600	628.192	0	1571.34	0.103645	-0.022554	0.0372589	-0	0	0.224046	-0	25.0194	0	-0.00896184	-0.0282405	-0	63.0001	62.6205	0	0.159227	0	0.00353006
600	613.417	0	668.724	0.103645	-0.0107341	0.0344397	-0	0	0.304927	-0	-17.9565	0	-0.0121971	-0.0300329	0	63.6001	63.3117	0	0.161822	0	0.00375411
600	618.065	0	668.724	0.103645	-0.0144527	0.0330979	-0	0	0.312377	-0	-55.5455	0	-0.0124951	-0.0324723	0	64.2001	63.8633	0	0.164061	0	0.00405903
600	607.77	0	-1852.37	0.103645	-0.00621602	0.0312913	0	0	0.524157	-0	74.34	0	-0.0209663	-0.0349713	-0	64.8001	64.4973	0	0.166832	0	0.00437141
600	603.846	0	-1852.37	0.103645	-0.003077	0.0305143	0	0	0.522029	-0	-52.5527	0	-0.0208812	-0.0391646	0	65.4001	65.0713	0	0.169642	0	0.00489557
600	614.4	0	-1888.28	0.103645	-0.0115205	0.0301297	0	0	0.417735	-0	-78.1707	0	-0.0167094	-0.0433408	0	66.0001	65.6669	0	0.172869	0	0.0054176
600	597.213	0	-992.852	0.103645	0.00222915	0.0286897	0	0	0.235752	-0	-2.03507	0	-0.0094301	-0.0466827	0	66.6001	66.331	0	0.176745	0	0.00583533
600	612.477	0	-992.852	0.103645	-0.00998188	0.0289683	0	0	0.228303	-0	62.6084	0	-0.00913212	-0.0485687	-0	67.2001	66.8634	0	0.179977	0	0.00607109
600	590.014	0	1537.82	0.103645	0.00798813	0.0277206	-0	0	0.072926	-0	-69.6713	0	-0.00291704	-0.0503951	0	67.8001	67.5409	0	0.184245	0	0.00629939
600	595.726	0	1537.82	0.103645	0.00341914	0.0287191	-0	0	0.0548342	-0	-84.3956	0	-0.00219337	-0.0509785	0	68.4001	68.0349	0	0.187393	0	0.00637231
600	621.667	0	1592.89	0.103645	-0.0173339	0.0291465	-0	0	-0.0175331	-0	-102.472	0	0.000701324	-0.0514172	0	69.0001	68.6473	0	0.191329	0	0.00642715
600	601.788	0	204.249	0.103645	-0.00143086	0.0269797	-0	0	-0.114378	-0	-65.242	0	0.0045751	-0.0512769	0	69.6001	69.3664	0	0.195938	0	0.00640962
600	611.527	0	204.249	0.103645	-0.00922197	0.0268009	-0	0	-0.120763	-0	-93.6133	0	0.00483052	-0.0503619	0	70.2001	69.8878	0	0.19922	0	0.00629524
600	587.718	0	-1950.53	0.103645	0.00982524	0.0256481	0	0	-0.153754	-0	9.93594	0	0.00615016	-0.0493958	-0	70.8001	70.5375	0	0.203232	0	0.00617447
600	610.78	0	-1950.53	0.103645	-0.00862441	0.0268763	0	0	-0.156947	-0	9.81622	0	0.00627786	-0.0481658	-0	71.4001	71.0378	0	0.206244	0	0.00602072
600	600.302	0	-765.402	0.103645	-0.000241895	0.0257982	0	0	-0.0707444	-0	52.9119	0	0.00282977	-0.0469102	-0	72.0001	71.7486	0	0.210412	0	0.00586377
600	593.565	0	-765.402	0.103645	0.00514756	0.025768	0	0	-0.0569094	-0	207.338	0	0.00227638	-0.0463442	-0	72.6001	72.31	0	0.213664	0	0.00579303
600	603.333	0	1614.43	0.103645	-0.00266636	0.0264114	-0	0	0.0569627	-0	117.555	0	-0.00227851	-0.045889	-0	73.2001	72.8797	0	0.216932	0	0.00573612
600	594.435	0	1015.88	0.103645	0.00445146	0.0260781	-0	0	0.13678	-0	36.3919	0	-0.00547118	-0.0463447	-0	73.8001	73.5156	0	0.220616	0	0.00579308
600	601.354	0	1015.88	0.103645	-0.00108354	0.0266346	-0	0	0.137844	-0	-28.7304	0	-0.00551375	-0.0474389	0	74.4001	74.0704	0	0.223906	0	0.00592986
600	607.601	0	436.487	0.103645	-0.0060813	0.0264991	-0	0	0.195312	-0	39.624	0	-0.00781248	-0.0485417	-0	75.0001	74.6954	0	0.227698	0	0.00606771
600	630.579	0	1051.8	0.103645	-0.0244632	0.025739	-0	0	0.187862	-0	-1.1971	0	-0.00751449	-0.0501041	0	75.6001	76.0444	0	0.236283	0	0.00645088
600	618.489	0	1190.66	0.103645	-0.0147916	0.0226811	-0	0	0.174027	-0	-14.6046	0	-0.0069611	-0.051607	0	76.2001	76.0444	0	0.236283	0	0.00645088
600	619.326	0	1190.66	0.103645	-0.0154607	0.0208321	-0	0	0.224046	-0	34.2371	0	-0.00896184	-0.0529993	-0	76.8001	76.6098	0	0.240028	0	0.00662491
600	621.145	0	1549.79	0.103645	-0.0169162	0.0188995	-0	0	0.195312	-0	3.83073	0	-0.00781248	-0.0547916	-0	77.4001	77.8499	0	0.248643	0	0.00704427
600	612.264	0	3038.98	0.103645	-0.00981187	0.016785	-0	0	-0.256984	-0	-162.806	0	0.0102794	-0.0563541	0	78.0001	77.8499	0	0.248643	0	0.00704427
600	634.252	0	3038.98	0.103645	-0.0274017	0.0155585	-0	0	-0.330415	-0	-263.482	0	0.0132166	-0.0542983	0	78.6001	78.4145	0	0.252475	0	0.00678728
600	615.1	0	632.811	0.103645	-0.0120802	0.0121333	-0	0	-0.478343	-0	-47.4052	0	0.0191337	-0.0516549	0	79.2001	79.1245	0	0.25706	0	0.00645687
600	622.754	0	632.811	0.103645	-0.0182037	0.0106233	-0	0	-0.417682	-0	-39.0255	0	0.0167073	-0.0478282	0	79.8001	79.6605	0	0.260264	0	0.00597852
600	602.533	0	-3382.26	0.103645	-0.00202705	0.00834783	0	0	-0.168653	-0	45.011	0	0.00674612	-0.0444867	-0	80.4001	80.3113	0	0.263883	0	0.00556084
600	615.292	0	-3382.26	0.103645	-0.0122339	0.00809444	0	0	-0.148433	-0	59.4959	0	0.00593731	-0.0431375	-0	81.0001	80.8465	0	0.266769	0	0.00539219
600	598.118	0	-2419.8	0.103645	0.00150537	0.00656521	0	0	-0.138855	-0	25.3785	0	0.00555419	-0.0419501	-0	81.6001	81.5263	0	0.270334	0	0.00524376
600	611.275	0	-2419.8	0.103645	-0.00902051	0.00675338	0	0	-0.148433	-0	19.0339	0	0.00593731	-0.0408392	-0	82.2001	82.0654	0	0.273086	0	0.0051049
600	593.782	0	-588.231	0.103645	0.00497422	0.00562582	0	0	-0.282525	-0	-50.2782	0	0.011301	-0.0396518	0	82.8001	82.739	0	0.276425	0	0.00495647
600	589.433	0	-588.231	0.103645	0.00845332	0.00624759	0	0	-0.26869	-0	-14.3652	0	0.0107476	-0.0373916	0	83.4001	83.2651	0	0.278884	0	0.00467394
600	590.072	0	-1124.53	0.103645	0.00794214	0.00730426	0	0	-0.135662	-0	-7.90087	0	0.00542648	-0.035242	0	84.0002	83.8395	0	0.281414	0	0.00440525
600	590.716	0	-2527.53	0.103645	0.00742705	0.00829703	0	0	-0.0664875	-0	41.4197	0	0.0026595	-0.0341567	-0	84.6002	84.4366	0	0.283964	0	0.00426959
600	596.811	0	-2412.61	0.103645	0.00255059	0.00922541	0	0	-0.087772	-0	71.2275	0	0.00351088	-0.0336248	-0	85.2001	85.04	0	0.2865	0	0.0042031
600	587.118	0	-1316.07	0.103645	0.0103054	0.00954423	0	0	-0.0962858	-0	166.996	0	0.00385143	-0.0329227	-0	85.8002	85.6709	0	0.289096	0	0.00411533
600	599.009	0	10.319	0.103645	0.000792871	0.0108324	-0	0	0.0835683	-0	151.553	0	-0.00334273	-0.0321524	-0	86.4002	86.2245	0	0.291321	0	0.00401905
600	609.343	0	1331.92	0.103645	-0.00747441	0.0109315	-0	0	0.214468	-0	-0.478839	0	-0.00857872	-0.0328209	0	87.0002	86.871	0	0.293973	0	0.00410261
600	602.572	0	1746.12	0.103645	-0.00205781	0.00999721	-0	0	0.203826	-0	16.2806	0	-0.00815303	-0.0345367	-0	87.6002	87.5163	0	0.296759	0	0.00431708
600	608.448	0	1746.12	0.103645	-0.00675835	0.00973999	-0	0	0.214468	-0	70.8684	0	-0.00857872	-0.0361673	-0	88.2002	88.0848	0	0.299329	0	0.00452091
600	609.709	0	1858.64	0.103645	-0.00776787	0.00889519	-0	0	0.243202	-0	-38.0678	0	-0.00972808	-0.037883	0	88.8002	88.7098	0	0.302289	0	0.00473538
600	624.947	0	1803.58	0.103645	-0.0199575	0.00792421	-0	0	0.191055	-0	-129.646	0	-0.0076422	-0.0398286	0	89.4002	89.3171	0	0.305313	0	0.00497858
600	596.348	0	122.846	0.103645	0.002921	0.00542952	-0	0	0.00375139	-0	-50.8768	0	-0.000150056	-0.0413571	0	90.0002	89.9958	0	0.308821	0	0.00516963
600	610.404	0	122.846	0.103645	-0.00832329	0.00579464	-0	0	-0.0100835	-0	-40.7014	0	0.000403341	-0.0413871	0	90.6002	90.4773	0	0.311312	0	0.00517338
600	627.185	0	1652.74	0.103645	-0.0217482	0.00475423	-0	0	-0.0760655	-0	-28.6107	0	0.00304262	-0.0413064	0	91.2002	91.1434	0	0.314751	0	0.0051633
600	596.513	0	-1419.02	0.103645	0.00278892	0.0020357	0	0	-0.0813866	-0	4.90812	0	0.00325546	-0.0406979	-0	91.8002	91.8311	0	0.31825	0	0.00508724
600	595.815	0	-1419.02	0.103645	0.00334761	0.00238432	0	0	-0.0899004	-0	-219.429	0	0.00359602	-0.0400468	0	92.4002	92.3106	0	0.32065	0	0.00500585
600	604.562	0	-3411	0.103645	-0.00365005	0.00280277	0	0	-0.215479	-0	-15.0835	0	0.00861916	-0.0393276	0	93.0002	92.9093	0	0.323593	0	0.00491595
600	588.355	0	-4481.2	0.103645	0.00931582	0.00234651	0	0	-0.00156973	-0	164.721	0	6.27893e-05	-0.0376038	-0	93.6002	93.5625	0	0.326663	0	0.00470047
600	599.228	0	-4481.2	0.103645	0.000617432	0.00351099	0	0	0.0229074	-0	189.501	0	-0.000916298	-0.0375912	-0	94.2002	94.1039	0	0.329208	0	0.0046989
600	587.036	0	-11.2288	0.103645	0.0103707	0.00358817	0	0	0.0197148	-0	-35.913	0	-0.000788591	-0.0377745	0	94.8002	94.7645	0	0.332327	0	0.00472181
600	601.122	0	-11.2288	0.103645	-0.000897705	0.00488451	0	0	-0.012212	-0	-31.4838	0	0.000488479	-0.0379322	0	95.4002	95.3028	0	0.33488	0	0.00474152
600	586.815	0	855.472	0.103645	0.0105479	0.00477229	-0	0	-0.0781939	-0	-17.4777	0	0.00312776	-0.0378345	0	96.0002	95.9603	0	0.337989	0	0.00472931
600	603.362	0	855.472	0.103645	-0.00269004	0.00609078	-0	0	-0.0750013	-0	11.4922	0	0.00300005	-0.0372089	-0	96.6002	96.4865	0	0.340436	0	0.00465112
600	589.056	0	-346.417	0.103645	0.00875469	0.00575453	0	0	0.122945	-0	81.5226	0	-0.00491778	-0.0366089	-0	97.2002	97.1526	0	0.343485	0	0.00457611
600	589.766	0	-346.417	0.103645	0.00818696	0.00684886	0	0	0.160192	-0	114.682	0	-0.0064077	-0.0375925	-0	97.8002	97.6858	0	0.34599	0	0.00469906
600	605.141	0	-68.6897	0.103645	-0.00411309	0.00787223	0	0	0.253844	-0	110.612	0	-0.0101538	-0.038874	-0	98.4002	98.2798	0	0.348877	0	0.00485925
600	581.627	0	1722.17	0.103645	0.0146981	0.0073581	-0	0	0.279386	-0	-39.8635	0	-0.0111754	-0.0409048	0	99.0002	98.9467	0	0.352287	0	0.0051131
600	606.258	0	1722.17	0.103645	-0.00500635	0.00919536	-0	0	0.254909	-0	-53.5104	0	-0.0101963	-0.0431399	0	99.6002	99.4274	0	0.354879	0	0.00539248
600	601.341	0	546.62	0.103645	-0.00107285	0.00856956	-0	0	0.207018	-0	18.1959	0	-0.00828074	-0.0451791	-0	100.2	100.125	0	0.35882	0	0.00564739
600	627.282	0	546.62	0.103645	-0.0218262	0.00843546	-0	0	0.217661	-0	7.42202	0	-0.00870643	-0.0468353	-0	100.8	100.705	0	0.362212	0	0.00585441
600	618.717	0	1145.17	0.103645	-0.0149741	0.00570718	-0	0	0.200633	-0	-13.1681	0	-0.00802532	-0.0485766	0	101.4	101.434	0	0.366638	0	0.00607207
600	600.537	0	1686.26	0.103645	-0.000429541	0.00383542	-0	0	0.182541	-0	-88.9446	0	-0.00730165	-0.0501816	0	102	102.013	0	0.370275	0	0.0062727
600	604.184	0	1686.26	0.103645	-0.00334712	0.00378173	-0	0	0.221918	-0	-168.312	0	-0.0088767	-0.051642	0	102.6	102.535	0	0.373639	0	0.00645524
600	614.323	0	225.797	0.103645	-0.0114585	0.00336334	-0	0	0.151679	-0	-62.9675	0	-0.00606715	-0.0534173	0	103.2	103.147	0	0.377726	0	0.00667716
600	600.626	0	-274.591	0.103645	-0.000501465	0.00193103	0	0	-0.0803224	-0	6.70376	0	0.0032129	-0.0546307	-0	103.8	103.801	0	0.382191	0	0.00682884
600	595.16	0	-274.591	0.103645	0.00387207	0.00186834	0	0	-0.0483956	-0	-10.2951	0	0.00193583	-0.0539881	0	104.4	104.347	0	0.385882	0	0.00674852
600	592.649	0	-1572.25	0.103645	0.00588081	0.00235235	0	0	0.0261001	-0	-10.0556	0	-0.001044	-0.053601	0	105	104.922	0	0.389731	0	0.00670012
600	591.625	0	-1811.67	0.103645	0.00669985	0.00308745	0	0	0.020779	-0	-72.7837	0	-0.00083116	-0.0538098	0	105.6	105.511	0	0.393692	0	0.00672622
600	576.509	0	-1253.82	0.103645	0.0187925	0.00392493	0	0	-0.148433	-0	-43.5745	0	0.00593731	-0.053976	0	106.2	106.105	0	0.397705	0	0.006747
600	587.472	0	-1253.82	0.103645	0.0100225	0.006274	0	0	-0.175038	-0	-18.1959	0	0.00700154	-0.0527886	0	106.8	106.627	0	0.401143	0	0.00659857
600	600.54	0	-782.162	0.103645	-0.00043208	0.00752681	0	0	-0.214415	-0	-8.02058	0	0.00857659	-0.0513882	0	107.4	107.263	0	0.405231	0	0.00642353
600	596.485	0	783.646	0.103645	0.00281206	0.0074728	-0	0	-0.214415	-0	-11.8513	0	0.00857659	-0.0496729	0	108	107.919	0	0.409303	0	0.00620912
600	583.816	0	666.33	0.103645	0.0129471	0.00782431	-0	0	-0.199516	-0	-8.14029	0	0.00798063	-0.0479576	0	108.6	108.496	0	0.412763	0	0.0059947
600	587.012	0	666.33	0.103645	0.0103904	0.00944269	-0	0	-0.187809	-0	-53.3907	0	0.00751237	-0.0463615	0	109.2	109.623	0	0.419186	0	0.00560738
600	589.694	0	-547.53	0.103645	0.00824424	0.0107415	0	0	-0.128213	-0	-49.2008	0	0.0051285	-0.044859	0	109.8	109.623	0	0.419186	0	0.00560738
600	610.858	0	-1574.64	0.103645	-0.00868691	0.011772	0	0	-0.11757	-0	-5.38696	0	0.00470281	-0.0438333	0	110.4	110.226	0	0.422487	0	0.00547916
600	585.318	0	-262.62	0.103645	0.0117454	0.0106862	0	0	-0.150561	-0	-6.34463	0	0.00602245	-0.0428928	0	111	110.928	0	0.42625	0	0.00536159
600	581.119	0	-262.62	0.103645	0.0151047	0.0121543	0	0	-0.149497	-0	78.8889	0	0.00597988	-0.0416883	-0	111.6	111.412	0	0.428773	0	0.00521103
600	591.534	0	390.997	0.103645	0.0067727	0.0140424	-0	0	-0.0994784	-0	62.7281	0	0.00397914	-0.0404923	-0	112.2	111.977	0	0.431635	0	0.00506154
600	583.924	0	67.7798	0.103645	0.0128603	0.014889	-0	0	0.0218432	-0	38.5466	0	-0.000873729	-0.0396965	-0	112.8	112.609	0	0.434769	0	0.00496206
600	596.656	0	67.7798	0.103645	0.0026748	0.0164965	-0	0	0.0271643	-0	64.1646	0	-0.00108657	-0.0398712	-0	113.4	113.162	0	0.437526	0	0.0049839
600	593.568	0	431.699	0.103645	0.00514561	0.0168309	-0	0.00581223	0.103789	11.6245	55.3061	0	-0.00415154	-0.0400885	-0	114.6	114.389	2.90611e-07	0.443734	1.93741e-06	0.00511485
600	598.767	0	218.615	0.103645	0.000986035	0.0174741	-0	0.0232489	0.030357	23.2489	8.14029	0.0209821	-0.000981792	-0.0409188	0	115.2	115.008	4.64978e-06	0.446917	1.54993e-05	0.00514521
600	599.611	1.16415e-10	582.533	0.103645	0.000310596	0.0175973	-0	0.05231	0.0431277	34.8734	-23.3435	0.0632951	0.000367293	-0.0411152	0	115.8	115.008	2.35395e-05	0.446917	5.231e-05	0.00514521
600	604.645	0	1815.55	0.103645	-0.00371602	0.0176362	-0	0.0929956	0.00162294	46.4978	-30.0472	0.084626	0.00365491	-0.0410417	0	116.4	115.608	7.43965e-05	0.450034	0.000123994	0.00518834
600	617.26	0	2359.03	0.103645	-0.0138085	0.0171717	-0	0.145306	-0.00156973	58.1223	14.2455	0.106073	0.00587502	-0.0403107	0	117	116.226	0.000181632	0.453239	0.000242176	0.00518996
600	603.145	-3.72529e-09	2581.69	0.103645	-0.00251646	0.0154456	-0	0.20924	-0.0473314	69.7467	-24.8997	0.127636	0.0102629	-0.0391357	0	117.6	116.884	0.000376632	0.456654	0.00041848	0.00518839
600	615.848	7.45058e-09	2581.69	0.103645	-0.0126783	0.015131	-0	0.284799	-0.0601021	81.3712	-99.9579	0.149316	0.0137961	-0.0370832	0	118.2	117.421	0.000697758	0.459412	0.000664531	0.00514106
600	593.848	0	606.475	0.103645	0.00492168	0.0135463	-0	0.371983	-0.0271111	92.9956	65.3617	0.171112	0.0159637	-0.034324	0	118.8	118.077	0.00119034	0.462746	0.000991953	0.00508096
600	589.265	2.98023e-08	606.475	0.103645	0.00858784	0.0141615	-0	0.47079	0.00268717	104.62	105.345	0.193024	0.0187241	-0.0311312	-0	119.4	118.58	0.0019067	0.46529	0.00141237	0.00505385
600	609.674	5.96046e-08	-1055.1	0.103645	-0.00773989	0.0152349	0	0.581223	0.311312	116.245	106.662	0.215052	0.0107964	-0.0273864	0	120	119.149	0.00290611	0.468165	0.00193741	0.00505653
600	595.009	-1.19209e-07	-3042.29	0.103645	0.00399268	0.0142675	0	0.70328	0.749773	127.869	228.167	0.215052	-0.00674202	-0.0252271	-0	120.6	119.844	0.00425484	0.471899	0.00257869	0.00536785
600	605.231	-1.19209e-07	-3042.29	0.103645	-0.0041854	0.0147665	0	0.836961	0.778507	139.493	140.659	0.259458	0.00233814	-0.0265755	-0	121.2	120.393	0.00602611	0.475254	0.00334784	0.00611762
600	597.785	0	-1498.03	0.103645	0.00177139	0.0142434	0	0.982267	0.882801	151.118	74.1005	0.281835	0.00397861	-0.0261079	0	121.8	121.051	0.00830014	0.479794	0.00425649	0.00689613
600	587.848	0	-2750.2	0.103645	0.00972158	0.0144648	0	1.1392	1.12544	162.742	251.271	0.304328	0.000550079	-0.0253122	-0	122.4	121.625	0.0111641	0.484259	0.00531625	0.00777893
600	585.408	4.76837e-07	-2625.7	0.103645	0.0116734	0.01568	0	1.30775	1.35319	174.367	152.87	0.326938	-0.00181751	-0.0252021	0	123	122.184	0.0147122	0.489237	0.00653875	0.00890437
600	589.413	9.53674e-07	-2333.6	0.103645	0.00846919	0.0171392	0	1.48793	1.54049	185.991	119.351	0.349664	-0.00210249	-0.0255656	0	123.6	122.77	0.0190454	0.49525	0.00793562	0.0102576
600	592.345	9.53674e-07	-4536.27	0.103645	0.00612344	0.0181978	0	1.67973	1.81719	197.616	309.69	0.372506	-0.00549829	-0.0259861	-0	124.2	123.385	0.024272	0.502503	0.00951849	0.0117981
600	585.105	9.53674e-07	-3875.47	0.103645	0.011916	0.0189632	0	1.88316	2.13646	209.24	317.471	0.395464	-0.0101319	-0.0270858	-0	124.8	124.007	0.0305069	0.510974	0.011299	0.0136152
600	591.54	0	-1430.99	0.103645	0.00676777	0.0204527	0	2.09821	2.46637	220.865	228.886	0.418539	-0.0147262	-0.0291122	-0	125.4	124.579	0.0378723	0.519978	0.0132887	0.0157517
600	595.924	0	-2091.79	0.103645	0.00326011	0.0212987	0	2.32489	2.82501	232.489	327.048	0.441729	-0.0200049	-0.0320574	-0	126	125.202	0.0464971	0.531327	0.0154993	0.0182181
600	609.81	0	-2546.69	0.103645	-0.00784863	0.0217062	0	2.56231	3.2805	239.596	312.204	0.456895	-0.0287275	-0.0360584	-0	126.6	125.823	0.0565171	0.544411	0.0179422	0.0210431
600	606.526	0	436.487	0.103645	-0.0052208	0.0207252	-0	2.80191	3.52527	239.596	155.863	0.459291	-0.0289345	-0.0418039	0	127.2	126.499	0.0680744	0.560841	0.0206243	0.0243236
600	619.501	0	436.487	0.103645	-0.0156008	0.0200726	-0	3.04151	3.56146	239.596	260.968	0.461687	-0.020798	-0.0475908	-0	127.799	127.09	0.0813125	0.577316	0.023546	0.0278489
600	605.664	0	549.014	0.103645	-0.00453164	0.0181225	-0	3.2811	4.17658	239.596	347.878	0.464083	-0.0358191	-0.0517504	-0	128.399	127.759	0.0963749	0.598346	0.0267073	0.0314103
600	630.195	0	549.014	0.103645	-0.0241565	0.017556	-0	3.5207	4.33408	239.596	228.167	0.466479	-0.0325355	-0.0589142	0	128.999	128.307	0.113405	0.617848	0.0301082	0.0355869
600	607.488	0	-2865.12	0.103645	-0.00599053	0.0145364	0	3.76029	5.00667	239.596	235.47	0.468875	-0.0498553	-0.0654213	0	129.599	129.033	0.132547	0.646828	0.0337487	0.039921
600	608.378	0	-2865.12	0.103645	-0.00670244	0.0137876	0	3.99989	5.01519	239.596	224.097	0.471271	-0.040612	-0.0753924	0	130.198	129.56	0.153944	0.670547	0.0376288	0.0449277
600	611.253	0	-1239.45	0.103645	-0.00900273	0.0129498	0	4.23948	5.04179	239.596	148.321	0.473667	-0.0320924	-0.0835147	0	130.798	130.183	0.177739	0.701669	0.0417485	0.0499428
600	619.51	0	130.029	0.103645	-0.015608	0.0118245	-0	4.47908	5.0386	239.596	137.667	0.476063	-0.0223808	-0.0899332	0	131.397	130.81	0.204075	0.736166	0.0461078	0.0549846
600	635.42	1.52588e-05	-686.394	0.103645	-0.0283366	0.00987347	0	4.71868	5.23123	239.596	156.701	0.478459	-0.020502	-0.0944094	0	131.997	131.461	0.233096	0.775278	0.0507067	0.0600232
600	614.245	-1.52588e-05	-4447.68	0.103645	-0.0113966	0.0063314	0	4.95827	6.10283	239.596	362.722	0.480855	-0.0457822	-0.0985098	-0	132.596	132.161	0.264945	0.821042	0.0555451	0.0652545
600	606.558	0	-4447.68	0.103645	-0.00524702	0.00490682	0	5.19787	6.25501	239.596	382.713	0.483251	-0.0422858	-0.107666	-0	133.195	132.707	0.299764	0.860065	0.0606232	0.0713573
600	608.905	1.52588e-05	-4804.42	0.103645	-0.00712417	0.00425095	0	5.43746	6.83927	239.596	330.998	0.485647	-0.0560723	-0.116123	-0	133.794	133.299	0.337696	0.90609	0.0659408	0.0776123
600	603.086	-1.52588e-05	-4526.69	0.103645	-0.0024688	0.00336042	0	5.67706	7.08723	239.596	200.275	0.488043	-0.0564071	-0.127338	0	134.392	133.934	0.378883	0.959864	0.0714981	0.0844516
600	598.849	3.05176e-05	-1845.19	0.103645	0.000920557	0.00305182	0	5.91665	6.97975	239.596	24.6603	0.490439	-0.0425238	-0.138619	0	134.99	134.529	0.423468	1.01452	0.0772949	0.0915388
600	601.971	0	-372.753	0.103645	-0.00157671	0.00316689	0	6.15625	6.8563	239.596	-14.3652	0.492835	-0.028002	-0.147124	0	135.589	135.116	0.471592	1.07248	0.0833314	0.0985186
600	611.024	0	-1782.94	0.103645	-0.00881943	0.0029698	0	6.39584	6.94037	239.596	112.408	0.495231	-0.0217812	-0.152724	0	136.186	135.728	0.523397	1.13727	0.0896074	0.105375
600	604.056	0	-2884.27	0.103645	-0.00324531	0.00186738	0	6.63544	7.21175	239.596	158.855	0.497626	-0.0230525	-0.157081	0	136.784	136.378	0.579024	1.21061	0.096123	0.112315
600	597.918	3.05176e-05	-3391.84	0.103645	0.00166519	0.00146171	0	6.87503	7.42034	239.596	147.962	0.500023	-0.0218122	-0.161691	0	137.381	136.962	0.638614	1.28069	0.102878	0.119527
600	593.295	0	-3226.64	0.103645	0.00536333	0.00166986	0	7.11463	7.62573	239.596	210.929	0.502418	-0.0204442	-0.166054	0	137.977	137.544	0.702307	1.355	0.109873	0.126947
600	595.026	-6.10352e-05	-2520.35	0.103645	0.00397881	0.00234028	0	7.35422	7.83964	239.596	220.386	0.504814	-0.0194168	-0.170142	0	138.573	138.127	0.770243	1.43385	0.117107	0.134573
600	599.527	0	395.785	0.103645	0.000378027	0.00283763	-0	7.59382	7.94819	239.596	103.549	0.50721	-0.014175	-0.174026	0	139.169	138.732	0.842561	1.52072	0.124581	0.142413
600	617.446	0.00012207	1044.61	0.103645	-0.0139572	0.00288488	-0	7.83341	8.01524	239.596	154.785	0.509606	-0.00727297	-0.176861	0	139.764	139.341	0.9194	1.61298	0.132295	0.150361
600	603.491	0	-114.179	0.103645	-0.00279292	0.00114023	0	8.07301	8.52926	239.596	229.005	0.512002	-0.01825	-0.178315	0	140.359	140.018	1.0009	1.72101	0.140248	0.158376
600	603.224	0	-114.179	0.103645	-0.00257974	0.000791112	0	8.3126	8.56012	239.596	183.635	0.514398	-0.00990074	-0.181965	0	140.952	140.558	1.08719	1.81207	0.148441	0.166905
600	606.749	6.10352e-05	-540.347	0.103645	-0.00539941	0.000468645	0	8.5522	8.7602	239.596	203.627	0.516794	-0.00831985	-0.183946	0	141.545	141.152	1.17842	1.91727	0.156873	0.175465
600	607.362	6.10352e-05	1408.53	0.103645	-0.00588975	-0.000206282	-0	8.79179	8.78148	239.596	-8.73884	0.51919	0.000412521	-0.18561	0	142.138	141.764	1.27471	2.03139	0.165545	0.184226
600	607.601	0	896.174	0.103645	-0.00608105	-0.000942501	-0	9.03139	7.97905	239.596	48.1235	0.521586	0.0420934	-0.185527	0	142.729	142.357	1.37621	2.14728	0.174457	0.193007
600	628.575	-6.10352e-05	-78.2665	0.103645	-0.0228602	-0.00170263	0	9.27098	6.01982	239.596	147.243	0.521586	0.120463	-0.177108	0	143.319	142.95	1.48305	2.26806	0.183608	0.200986
600	600.483	0	-593.02	0.103645	-0.000386475	-0.00456016	0	9.51058	9.46791	239.596	78.7692	0.526378	0.00170696	-0.153016	0	143.909	143.647	1.59535	2.41455	0.192999	0.207006
600	609.297	-0.00012207	-593.02	0.103645	-0.00743799	-0.00460847	0	9.75018	9.58497	239.596	120.907	0.528774	0.00660816	-0.152674	0	144.497	144.126	1.71325	2.5199	0.202629	0.216474
600	607.575	0	498.736	0.103645	-0.00606064	-0.00553822	-0	9.98977	9.76908	239.596	-94.4513	0.53117	0.00882751	-0.151353	0	145.084	144.757	1.83689	2.66491	0.212499	0.226059
600	601.72	0.00012207	-1668.02	0.103645	-0.00137598	-0.0062958	0	10.2294	9.42747	239.596	-97.8031	0.533566	0.032076	-0.149587	0	145.67	145.339	1.96638	2.80479	0.222609	0.235828
600	596.03	0	-5278.47	0.103645	0.00317607	-0.00646779	0	10.469	9.43066	239.596	99.5988	0.535962	0.0415321	-0.143172	0	146.255	145.907	2.10186	2.94682	0.232958	0.245255
600	588.52	0.00012207	-6133.2	0.103645	0.00918359	-0.00607079	0	10.7086	9.57539	239.596	136.23	0.538358	0.0453266	-0.134866	0	146.838	146.482	2.24345	3.09657	0.243547	0.254686
600	583.14	0	-3779.7	0.103645	0.013488	-0.00492284	0	10.9482	9.69139	239.596	153.588	0.540754	0.0502703	-0.1258	0	147.419	147.045	2.39128	3.24885	0.254375	0.264262
600	584.676	0	-1577.04	0.103645	0.0122589	-0.00323683	0	11.1877	9.75631	239.596	144.37	0.54315	0.0572574	-0.115746	0	147.999	147.6	2.54546	3.40488	0.265443	0.273953
600	585.869	0.000244141	-739.066	0.103645	0.0113045	-0.00170447	0	11.4241	9.8787	230.925	130.604	0.529906	0.0618164	-0.104295	0	148.577	148.173	2.70612	3.57203	0.27675	0.283709
600	591.288	-0.000244141	331.142	0.103645	0.00696909	-0.000291409	-0	11.6492	10.0405	219.301	24.1814	0.511234	0.0643504	-0.0919314	0	149.153	148.741	2.87337	3.74381	0.288287	0.293588
600	599.169	0.00012207	-918.631	0.103645	0.000664111	0.000579728	0	11.8627	10.1011	207.676	-16.8791	0.492444	0.0704635	-0.0790614	0	149.727	149.325	3.04733	3.92668	0.300044	0.303628
600	617.445	0	-2719.07	0.103645	-0.0139563	0.000662742	0	12.0646	10.2469	196.052	56.8623	0.473539	0.0727061	-0.0649687	0	150.3	149.928	3.22808	4.12245	0.312009	0.313729
600	638.757	0	-4055.04	0.103645	-0.0310062	-0.0010818	0	12.2548	10.331	184.427	158.496	0.454517	0.0769527	-0.0504275	0	150.869	150.593	3.41572	4.34574	0.324169	0.323976
600	615.637	0	-6829.92	0.103645	-0.0125101	-0.00495757	0	12.4334	11.4091	172.803	528.281	0.43538	0.0409749	-0.0350369	-0	151.437	151.292	3.61033	4.58862	0.336514	0.334307
600	604.748	0	-6829.92	0.103645	-0.00379834	-0.00652133	0	12.6004	11.6943	161.179	929.19	0.416125	0.036246	-0.0268419	-0	152.002	151.81	3.81198	4.77516	0.349032	0.345716
600	588.133	0	-5041.45	0.103645	0.00949346	-0.00699612	0	12.7558	13.1299	149.554	594.6	0.396755	-0.0149649	-0.0195927	-0	152.565	152.362	4.02074	4.98105	0.361711	0.357411
600	595.152	0	-5041.45	0.103645	0.00387812	-0.00580944	0	12.8995	13.2512	137.93	263.961	0.377268	-0.0140681	-0.0225857	-0	153.124	152.867	4.23665	5.17726	0.37454	0.370541
600	579.889	-0.000244141	-1634.5	0.103645	0.0160885	-0.00532467	0	13.0316	13.4534	126.305	149.877	0.357666	-0.0168714	-0.0253993	-0	153.681	153.463	4.45976	5.41818	0.387507	0.383792
600	598.887	0.000244141	-1634.5	0.103645	0.000889746	-0.00331361	0	13.1521	13.4928	114.681	165.798	0.337946	-0.0136267	-0.0287736	-0	154.235	153.948	4.69012	5.62143	0.400599	0.397245
600	594.604	-0.000244141	1358.25	0.103645	0.00431655	-0.0032024	-0	13.261	13.5577	103.056	-49.0811	0.337946	-0.0162235	-0.031499	0	154.786	154.573	4.92773	5.89351	0.413807	0.410738
600	595.334	0	1358.25	0.103645	0.00373281	-0.00266283	-0	13.3582	13.545	91.4317	-23.8223	0.298159	-0.00746815	-0.0347437	0	155.334	155.094	5.17264	6.12901	0.427118	0.424296
600	597.946	0	661.542	0.103645	0.00164263	-0.00219622	-0	13.4439	13.5045	79.8072	85.5927	0.278092	-0.00242577	-0.0362373	-0	155.879	155.631	5.42484	6.38036	0.44052	0.437841
600	595.266	0.000244141	-205.159	0.103645	0.00378691	-0.0019909	0	13.5179	13.6695	68.1827	125.815	0.257908	-0.00606411	-0.0367224	-0	156.419	156.176	5.68433	6.64457	0.454002	0.451345
600	592.953	0	-25.594	0.103645	0.0056376	-0.00151753	0	13.5802	13.8227	56.5582	129.766	0.237607	-0.00969929	-0.0379353	-0	156.957	156.699	5.95111	6.90707	0.467552	0.465015
600	598.394	0.000244141	-906.66	0.103645	0.00128437	-0.000812832	0	13.631	14.0792	44.9337	182.199	0.217191	-0.0179286	-0.0398751	-0	157.491	157.217	6.22516	7.17606	0.481158	0.478837
600	573.035	0	-1780.54	0.103645	0.0215715	-0.000652286	0	13.6701	14.6475	33.3093	273.657	0.196658	-0.0390956	-0.0434608	-0	158.021	157.767	6.50647	7.47123	0.49481	0.492917
600	587.799	0	-1780.54	0.103645	0.0097605	0.00204416	0	13.6976	14.7805	21.6848	261.447	0.176009	-0.0433168	-0.05128	-0	158.547	158.185	6.79499	7.70391	0.508495	0.507564
600	582.79	-0.000244141	-5752.52	0.103645	0.013768	0.00326422	0	13.7135	15.2913	10.0603	424.253	0.155243	-0.0631149	-0.0599433	-0	159.069	158.752	7.09069	8.03019	0.522201	0.522345
600	590.773	0.000244141	-3209.88	0.103645	0.00738169	0.00498522	0	13.7178	15.4861	-1.30208e-05	245.885	0.137178	-0.070731	-0.0725663	-0	159.587	159.255	7.39352	8.33016	0.535918	0.537636
600	582.594	0	4753.23	0.103645	0.0139242	0.00590793	-0	13.7178	14.788	-0	-348.356	0.137178	-0.0428057	-0.0867125	0	160.1	159.796	7.70343	8.66404	0.549635	0.553122
600	587.5	0	4753.23	0.103645	0.00999936	0.00764846	-0	13.7178	14.64	6.51042e-06	-435.625	0.137178	-0.0368887	-0.0952737	0	160.61	160.243	8.02035	8.94958	0.563353	0.56791
600	601.333	0	4003.85	0.103645	-0.0010667	0.00889838	-0	13.7178	14.2112	-0	-438.618	0.137178	-0.0197334	-0.102651	0	161.115	160.734	8.34424	9.27313	0.577071	0.58255
600	581.577	0.000244141	371.843	0.103645	0.0147377	0.00876504	-0	13.7178	13.4353	-0	-364.038	0.137178	0.0112994	-0.106598	0	161.616	161.264	8.67502	9.63316	0.590789	0.596761
600	579.34	0	371.843	0.103645	0.016528	0.0106073	-0	13.7178	13.3757	6.51042e-06	-479.199	0.137178	0.0136834	-0.104338	0	162.112	161.675	9.01263	9.92028	0.604507	0.610197
600	576.51	0	-1318.46	0.103645	0.0187918	0.0126733	0	13.7178	12.8968	-0	-290.177	0.137178	0.0328394	-0.101601	0	162.603	162.137	9.35702	10.2525	0.618225	0.623572
600	588.22	0.000244141	-221.919	0.103645	0.00942373	0.0150222	0	13.7178	12.6648	-6.51042e-06	-15.9214	0.137178	0.0421195	-0.0950336	0	163.089	162.596	9.70812	10.5915	0.631943	0.636469
600	577.901	0	-1304.1	0.103645	0.0176792	0.0162002	0	13.7178	12.7478	-6.51042e-06	33.1597	0.137178	0.038799	-0.0866097	-0	163.571	163.102	10.0659	10.976	0.64566	0.649134
600	594.19	0.000244141	-1304.1	0.103645	0.00464736	0.0184101	0	13.7178	12.7425	-6.51042e-06	-27.2939	0.137178	0.0390119	-0.0788499	0	164.048	163.53	10.4302	11.309	0.659378	0.661882
600	585.7	0	807.588	0.103645	0.0114397	0.018991	-0	13.7178	12.7468	-0	-25.8574	0.137178	0.0388416	-0.0710475	0	164.52	164.049	10.801	11.7241	0.673096	0.674624
600	600.473	0.000244141	807.588	0.103645	-0.000378564	0.020421	-0	13.7178	12.7351	-6.51042e-06	-24.6603	0.137178	0.0393099	-0.0632792	0	164.986	164.473	11.1782	12.0721	0.686814	0.687371
600	582.503	0.000244141	525.072	0.103645	0.0139975	0.0203737	-0	13.7178	12.7276	-1.30208e-05	-3.35188	0.137178	0.0396079	-0.0554172	0	165.447	164.974	11.5619	12.495	0.700532	0.700106
600	576.829	0	525.072	0.103645	0.0185367	0.0221234	-0	13.7178	12.7255	6.51042e-06	31.6035	0.137178	0.039693	-0.0474956	-0	165.903	165.359	11.9518	12.8276	0.71425	0.712834
600	576.322	0	857.866	0.103645	0.0189424	0.0244405	-0	13.7178	12.7223	6.51042e-06	13.2878	0.137178	0.0398207	-0.039557	-0	166.354	165.772	12.3479	13.1939	0.727967	0.725559
600	573.577	-0.000488281	3718.94	0.103645	0.0211383	0.0268083	-0	13.7178	12.584	1.95313e-05	-127.611	0.137178	0.0453547	-0.0315929	0	166.799	166.194	12.7502	13.5781	0.741685	0.738282
600	580.342	0	6390.87	0.103645	0.0157259	0.0294505	-0	13.7178	12.1753	-0	-336.864	0.137178	0.0617012	-0.022522	0	167.239	166.595	13.1585	13.9518	0.755403	0.750866
600	567.806	-0.000488281	3362.2	0.103645	0.0257551	0.0314163	-0	13.7178	11.7528	6.51042e-06	-188.543	0.137178	0.0786011	-0.0101817	0	167.673	167.015	13.5728	14.3539	0.769121	0.763041
600	583.495	-0.000488281	3362.2	0.103645	0.0132034	0.0346357	-0	13.7178	11.7453	1.30208e-05	-130.843	0.137178	0.0788991	0.00553849	0	168.101	167.376	13.9931	14.7066	0.782839	0.774794
600	572.078	-0.000488281	-916.237	0.103645	0.0223371	0.0362861	0	13.7178	11.8124	1.30208e-05	53.0316	0.137178	0.0762172	0.0213183	-0	168.524	167.823	14.4192	15.1546	0.796557	0.786539
600	578.237	-0.000488281	-916.237	0.103645	0.0174101	0.0390782	0	13.7178	11.8305	6.51042e-06	15.9214	0.137178	0.0754935	0.0365617	-0	168.94	168.193	14.851	15.5342	0.810274	0.798351
600	577.765	0	-3059.05	0.103645	0.0177879	0.0412545	0	13.7178	12.0465	-6.51042e-06	107.739	0.137178	0.066852	0.0516605	-0	169.351	168.611	15.2885	15.9736	0.823992	0.810182
600	599.009	0	-2889.06	0.103645	0.000792627	0.043478	0	13.7178	12.203	1.30208e-05	159.334	0.137178	0.0605943	0.0650309	-0	169.755	169.011	15.7316	16.4045	0.83771	0.822228
600	586.854	0	2722.95	0.103645	0.0105163	0.0435771	-0	13.7178	12.3743	-0	105.584	0.137178	0.0537407	0.0771497	-0	170.154	169.478	16.1802	16.9198	0.851428	0.834431
600	584.578	0	2722.95	0.103645	0.0123371	0.0448916	-0	13.7178	12.3328	-1.30208e-05	220.027	0.137178	0.0554009	0.0878979	-0	170.546	169.827	16.6342	17.3149	0.865146	0.846806
600	577.77	0	5406.85	0.103645	0.017784	0.0464337	-0	13.7178	12.1455	-6.51042e-06	-169.509	0.137178	0.0628931	0.0989781	0	170.932	170.196	17.0936	17.7424	0.878864	0.859139
600	587.534	0.000244141	5406.85	0.103645	0.00997231	0.0486567	-0	13.7178	12.0753	-0	-387.621	0.137178	0.0657026	0.111557	0	171.311	170.537	17.5582	18.1471	0.892582	0.871284
600	601.291	0.000244141	2840.27	0.103645	-0.00103335	0.0499033	-0	13.7178	11.8731	-1.30208e-05	-196.923	0.137178	0.0737907	0.124697	0	171.685	170.92	18.028	18.6147	0.906299	0.883359
600	586.613	0	532.255	0.103645	0.0107091	0.0497741	-0	13.7178	11.8773	-0	-46.3278	0.137178	0.0736206	0.139455	0	172.051	171.324	18.5029	19.118	0.920017	0.895232
600	584.906	0.000244141	532.255	0.103645	0.0120745	0.0511127	-0	13.7178	11.8677	-1.30208e-05	26.3362	0.137178	0.0740036	0.154179	-0	172.412	171.648	18.9827	19.5322	0.933735	0.90711
600	600.062	0	1477.96	0.103645	-4.95117e-05	0.0526221	-0	13.7178	11.8805	-0	56.144	0.137178	0.0734928	0.16898	-0	172.765	171.997	19.4675	19.99	0.947453	0.918977
600	593.802	0.000244141	-1308.89	0.103645	0.00495845	0.0526159	0	13.7178	12.3583	-1.30208e-05	84.3956	0.137178	0.0543793	0.183679	-0	173.112	172.388	19.957	20.5152	0.961171	0.930858
600	608.711	0	-1308.89	0.103645	-0.00696904	0.0532357	0	13.7178	12.3551	6.51042e-06	-41.6591	0.137178	0.054507	0.194555	0	173.452	172.725	20.4513	20.9799	0.974889	0.943216
600	607.087	-0.000244141	-1093.41	0.103645	-0.00566997	0.0523645	0	13.7178	12.2423	1.30208e-05	77.3327	0.137178	0.0590193	0.205456	-0	173.786	173.114	20.9501	21.5299	0.988606	0.955571
600	631.665	0.000244141	-1093.41	0.103645	-0.0253326	0.0516558	0	13.7178	12.2062	-6.51042e-06	161.728	0.137178	0.0604667	0.21726	-0	174.112	173.457	21.4535	22.0282	1.00232	0.967814
600	619.489	0	-411.06	0.103645	-0.0155912	0.0484892	0	13.7178	12.5265	-0	141.976	0.137178	0.0476535	0.229353	-0	174.432	173.866	21.9614	22.6381	1.01604	0.98002
600	618.765	0	-411.06	0.103645	-0.0150124	0.0465403	0	13.7178	12.6627	-0	580.115	0.137178	0.0422046	0.238884	-0	174.744	174.179	22.4735	23.1175	1.02976	0.992546
600	601.187	0	-2546.69	0.103645	-0.000949902	0.0446638	0	13.7178	14.125	-6.51042e-06	635.182	0.137178	-0.0162853	0.247325	-0	175.05	174.51	22.99	23.6388	1.04348	1.00521
600	598.26	0	-2546.69	0.103645	0.00139141	0.044545	0	13.7178	14.241	-0	72.5443	0.137178	-0.0209253	0.244068	-0	175.348	174.793	23.5105	24.0997	1.0572	1.01933
600	593.602	0.000244141	-4754.14	0.103645	0.00511787	0.044719	0	13.7178	14.3399	-1.30208e-05	171.185	0.137178	-0.0248842	0.239883	-0	175.639	175.099	24.0351	24.6124	1.07091	1.03358
600	591.204	0.000244141	-1428.6	0.103645	0.00703638	0.0453587	0	13.7178	14.2857	-1.30208e-05	164.841	0.137178	-0.0227132	0.234906	-0	175.923	175.395	24.5636	25.127	1.08463	1.04792
600	592.064	0	182.702	0.103645	0.00634853	0.0462382	-0	13.7178	14.3037	-0	78.8889	0.137178	-0.0234368	0.230363	-0	176.2	175.681	25.096	25.64	1.09835	1.0622
600	617.794	0	1391.77	0.103645	-0.0142358	0.0470318	-0	13.7178	14.3197	-0	28.3713	0.137178	-0.0240754	0.225676	-0	176.469	175.963	25.6322	26.1635	1.11207	1.0765
600	601.37	-0.000244141	-954.544	0.103645	-0.00109619	0.0452523	0	13.7178	14.5528	6.51042e-06	59.1368	0.137178	-0.0333979	0.220861	-0	176.731	176.294	26.1719	26.7979	1.12578	1.09082
600	645.631	0	-954.544	0.103645	-0.0365049	0.0451153	0	13.7178	14.6007	-0	87.7475	0.137178	-0.0353136	0.214181	-0	176.986	176.536	26.7153	27.28	1.1395	1.10538
600	632.93	0	2131.58	0.103645	-0.0263443	0.0405522	-0	13.7178	14.7348	-0	125.097	0.137178	-0.0406772	0.207119	-0	177.233	176.896	27.262	28.0239	1.15322	1.11998
600	622.457	0.000244141	2131.58	0.103645	-0.0179656	0.0372591	-0	13.7178	14.7837	-6.51042e-06	361.046	0.137178	-0.0426355	0.198983	-0	177.472	177.138	27.8121	28.5438	1.16694	1.13471
600	614.528	-0.000244141	3086.87	0.103645	-0.0116226	0.0350134	-0	13.7178	12.1529	1.30208e-05	395.642	0.137178	0.0625951	0.190456	-0	177.704	177.372	28.3654	29.0658	1.18066	1.1495
600	616.065	0	3134.75	0.103645	-0.012852	0.0335606	-0	13.7178	5.93149	-0	151.553	0.137178	0.311454	0.202975	-0	177.929	177.599	28.9219	29.5892	1.19437	1.16165
600	610.358	0	-1026.37	0.103645	-0.00828662	0.0319541	0	13.7178	6.46573	-0	114.084	0.137178	0.290084	0.265266	-0	178.146	177.838	29.4814	30.15	1.20809	1.16758
600	589.021	0	-6307.98	0.103645	0.00878252	0.0309183	0	13.7178	12.6169	6.51042e-06	389.417	0.137178	0.044035	0.323283	-0	178.355	178.067	30.0438	30.6957	1.22181	1.17405
600	578.17	0.000244141	874.626	0.103645	0.0174638	0.0320161	-0	13.7178	17.5028	-1.30208e-05	-11.0133	0.137178	-0.151399	0.33209	0	178.556	178.265	30.609	31.186	1.23553	1.18666
600	574.486	0	7123.49	0.103645	0.0204107	0.0341991	-0	13.7178	17.5401	-0	-497.156	0.137178	-0.152889	0.30181	0	178.749	178.456	31.1769	31.682	1.24925	1.20417
600	566.893	0.000244141	1315.16	0.103645	0.0264856	0.0367504	-0	13.7178	16.0895	-9.76563e-06	-139.582	0.137178	-0.0948676	0.271232	0	178.935	178.637	31.7475	32.1812	1.26296	1.22171
600	579.06	0	-2151.65	0.103645	0.0167515	0.0400611	0	13.7178	15.4765	-0	153.109	0.137178	-0.0703479	0.252258	-0	179.113	178.811	32.3205	32.6833	1.27668	1.2378
600	574.532	-0.000244141	-1943.35	0.103645	0.0203739	0.0421551	0	13.7178	13.3715	3.25521e-06	122.823	0.137178	0.0138537	0.238189	-0	179.283	179.01	32.8959	33.2878	1.2904	1.25327
600	579.613	0.000244141	-1943.35	0.103645	0.0163089	0.0447018	0	13.7178	11.5591	-6.51042e-06	76.4948	0.137178	0.0863486	0.24096	-0	179.445	179.179	33.4736	33.8261	1.30412	1.26664
600	601.7	0.00012207	-2745.41	0.103645	-0.00136016	0.0467404	0	13.7178	-6.66894	-3.25521e-06	186.748	0.137178	0.815471	0.258229	-0	179.599	179.354	34.0534	34.408	1.31783	1.2782
600	604.188	0	3565.71	0.103645	-0.00335049	0.0465704	-0	13.7178	-9.02194	-3.25521e-06	10.5345	0.137178	0.909591	0.421323	-0	179.745	179.561	34.6354	35.0779	1.33155	1.27153
600	599.197	0.00012207	3565.71	0.103645	0.000641992	0.0461516	-0	13.7178	-7.53522	-3.25521e-06	163.524	0.137178	0.850122	0.603242	-0	179.883	179.743	35.2192	35.6495	1.34527	1.26251
600	565.022	0.00012207	-10445.2	0.103645	0.0279824	0.0462318	0	13.7178	14.4389	-3.25521e-06	704.374	0.137178	-0.0288431	0.773266	-0	180.014	179.918	35.8049	36.1865	1.35899	1.25498
600	539.326	-0.00012207	-10445.2	0.103645	0.0485388	0.0497296	0	13.7178	15.385	6.51042e-06	528.161	0.137178	-0.066687	0.767497	-0	180.136	180.058	36.3924	36.6354	1.37271	1.26942
600	500.854	0	-19708.3	0.103645	0.0793169	0.055797	0	13.7178	20.572	-0	1310.71	0.137178	-0.274168	0.75416	-0	180.25	180.193	36.9814	37.0943	1.38642	1.2848
600	480.629	-0.00012207	-11218.5	0.103645	0.0954968	0.0657116	0	13.7178	21.5394	6.51042e-06	960.673	0.137178	-0.312863	0.699326	-0	180.356	180.304	37.572	37.5052	1.40014	1.30537
600	500.971	0.00012207	-3403.81	0.103645	0.079223	0.0776487	0	13.7178	20.9594	-3.25521e-06	368.468	0.137178	-0.289663	0.636754	-0	180.454	180.412	38.164	37.9366	1.41386	1.32691
600	521.389	0	-8122.78	0.103645	0.0628887	0.0875516	0	13.7178	21.417	-0	530.555	0.137178	-0.307968	0.578821	-0	180.543	180.543	38.7572	38.5178	1.42758	1.34787
600	539.306	0	-4083.77	0.103645	0.0485546	0.0954127	0	13.7178	22.0034	-3.25521e-06	343.329	0.137178	-0.331424	0.517227	-0	180.625	180.671	39.3516	39.1405	1.4413	1.36929
600	576.306	0	-4083.77	0.103645	0.018955	0.101482	0	13.7178	22.1407	-1.62761e-06	447.357	0.137178	-0.336915	0.450943	-0	180.698	180.783	39.9471	39.7578	1.45501	1.39129
600	645.156	6.10352e-05	2739.71	0.103645	-0.0361253	0.103851	-0	13.7178	20.4156	-3.25521e-06	60.0945	0.137178	-0.267911	0.38356	-0	180.763	180.899	40.5436	40.4893	1.46873	1.41343
600	645.568	0	-25.594	0.103645	-0.0364545	0.0993357	0	13.7178	21.5596	1.62761e-06	188.304	0.137178	-0.313672	0.329977	-0	180.821	181.023	41.1409	41.3903	1.48245	1.43385
600	662.363	6.10352e-05	-25.594	0.103645	-0.0498905	0.0947789	0	13.7178	22.1364	-1.62761e-06	507.81	0.137178	-0.336745	0.267243	-0	180.869	181.097	41.7389	42.0334	1.49617	1.45541
600	675.873	-3.05176e-05	2907.3	0.103645	-0.0606986	0.0885426	-0	13.7178	18.2158	8.13803e-07	435.146	0.137178	-0.17992	0.199894	-0	180.91	181.165	42.3375	42.7598	1.50988	1.47754
600	677.253	-6.10352e-05	6611.13	0.103645	-0.0618023	0.0809553	-0	13.7178	19.4493	1.62761e-06	70.3895	0.137178	-0.229258	0.16391	-0	180.942	181.219	42.9366	43.4761	1.5236	1.49576
600	662.817	0	7963.86	0.103645	-0.0502539	0.07323	-0	13.7178	22.9453	4.06901e-07	-109.774	0.137178	-0.369097	0.118058	0	180.967	181.256	43.5361	44.1314	1.53732	1.51521
600	645.993	0	6862.52	0.103645	-0.0367946	0.0669482	-0	13.7178	24.1734	-4.06901e-07	-274.136	0.137178	-0.418222	0.0442389	0	180.983	181.274	44.1359	44.7043	1.55104	1.53815
600	614.392	-3.8147e-06	3491.49	0.103645	-0.0115139	0.0623489	-0	13.7178	6.8563	1.01725e-07	-216.675	0.137178	0.274461	-0.0394054	0	180.99	181.279	44.7358	45.2555	1.56476	1.56233
600	617.653	7.62939e-06	3491.49	0.103645	-0.0141225	0.0609097	-0	13.7178	7.47142	-1.01725e-07	-272.7	0.137178	0.249856	0.0154868	0	180.99	181.276	45.3358	46.3463	1.57847	1.57666
600	579.279	0	-1962.5	0.103645	0.0165769	0.0591444	0	13.7178	20.7583	4.06901e-07	9.09797	0.137178	-0.281618	0.0654581	-0	180.981	181.276	45.9357	46.3463	1.59219	1.57666
600	583.317	-3.05176e-05	-1962.5	0.103645	0.0133458	0.0612165	0	13.7178	21.1967	1.2207e-06	92.6556	0.137178	-0.299156	0.0091345	-0	180.964	181.264	46.5355	46.7798	1.60591	1.59741
600	598.053	0	-1205.94	0.103645	0.00155732	0.0628847	0	13.7178	23.4029	-0	42.8562	0.137178	-0.387402	-0.0506967	-0	180.939	181.235	47.135	47.3864	1.61963	1.61861
600	597.559	6.10352e-05	-92.6317	0.103645	0.00195234	0.0630794	0	13.7178	22.9059	-8.13803e-07	-13.1681	0.137178	-0.367522	-0.128177	0	180.906	181.188	47.734	48.0465	1.63335	1.64201
600	619.747	0	-92.6317	0.103645	-0.015798	0.0633234	0	13.7178	22.8197	-0	82.6	0.137178	-0.364074	-0.201681	-0	180.864	181.132	48.3326	48.6398	1.64706	1.66492
600	633.584	0	407.757	0.103645	-0.0268677	0.0613487	-0	13.7178	22.693	-0	-6.94318	0.137178	-0.359008	-0.274496	0	180.814	181.05	48.9305	49.3439	1.66078	1.68774
600	644.372	0	3680.63	0.103645	-0.0354975	0.0579902	-0	13.7178	22.4791	-0	-387.142	0.137178	-0.350452	-0.346298	0	180.756	180.954	49.5277	50.0245	1.6745	1.71043
600	649.435	0.00012207	12749.9	0.103645	-0.0395485	0.053553	-0	13.7178	21.4564	-0	-1033.22	0.137178	-0.309543	-0.416388	0	180.69	180.845	50.124	50.6885	1.68822	1.73291
600	636.592	-0.00012207	20155.1	0.103645	-0.0292742	0.0486094	-0	13.7178	15.1679	1.62761e-06	-1516.73	0.137178	-0.0580029	-0.478297	0	180.616	180.732	50.7194	51.2968	1.70193	1.75437
600	626.07	0	18867.1	0.103645	-0.0208567	0.0449502	-0	13.7178	10.861	-1.62761e-06	-1713.29	0.137178	0.114274	-0.489898	0	180.533	180.633	51.3137	51.7914	1.71565	1.76954
600	599.931	0	1025.46	0.103645	5.47852e-05	0.0423431	-0	13.7178	14.6784	-0	-868.976	0.137178	-0.0384211	-0.467043	0	180.442	180.527	51.9068	52.2888	1.72937	1.7804
600	595.565	0	1025.46	0.103645	0.00354785	0.0423499	-0	13.7178	15.3435	-0	-318.668	0.137178	-0.0650267	-0.474727	0	180.344	180.418	52.4986	52.7678	1.74309	1.79507
600	602.124	0	-2091.79	0.103645	-0.00169922	0.0427934	0	13.7178	16.661	-0	183.875	0.137178	-0.117727	-0.487732	-0	180.237	180.282	53.089	53.3254	1.75681	1.81042
600	603.304	0.00012207	4293.55	0.103645	-0.00264346	0.042581	-0	13.7178	15.9905	-3.25521e-06	-62.2492	0.137178	-0.0909086	-0.511278	0	180.122	180.12	53.6779	53.9413	1.77052	1.82708
600	588.763	-0.00012207	-2812.44	0.103645	0.00898955	0.0422506	0	13.7178	15.8139	3.25521e-06	164.362	0.137178	-0.0838422	-0.52946	-0	179.999	179.961	54.2651	54.5104	1.78424	1.84307
600	626.06	0	-2812.44	0.103645	-0.0208483	0.0433743	0	13.7178	15.8767	3.25521e-06	-5.26724	0.137178	-0.0863538	-0.546228	0	179.867	179.807	54.8506	55.0299	1.79796	1.85888
600	625.919	0.00012207	7645.43	0.103645	-0.0207354	0.0407682	-0	13.7178	15.3424	-6.51042e-06	-608.726	0.137178	-0.0649842	-0.563499	0	179.728	179.572	55.4342	55.7803	1.81168	1.87476
600	618.434	0	7645.43	0.103645	-0.0147478	0.0381763	-0	13.7178	15.2126	-3.25521e-06	-266.834	0.137178	-0.0597908	-0.576496	0	179.581	179.385	56.0159	56.3451	1.82539	1.8901
600	625.99	0	24570	0.103645	-0.0207919	0.0363328	-0	13.7178	13.8142	-3.25521e-06	-829.471	0.137178	-0.00385513	-0.588454	0	179.426	179.202	56.5955	56.872	1.83911	1.90532
600	604.567	0	12979.7	0.103645	-0.00365371	0.0337339	-0	13.7178	11.7304	-0	-577.482	0.137178	0.079495	-0.589225	0	179.263	179.012	57.1729	57.3965	1.85283	1.91913
600	608.365	0	12979.7	0.103645	-0.00669243	0.0332771	-0	13.7178	11.6677	-0	-846.231	0.137178	0.0820067	-0.573326	0	179.092	178.847	57.7481	57.8335	1.86655	1.93086
600	584.108	-0.000244141	-1538.73	0.103645	0.0127136	0.0324406	0	13.7178	11.5847	6.51042e-06	-98.8805	0.137178	0.085327	-0.556924	0	178.913	178.639	58.3208	58.3661	1.88027	1.94253
600	580.148	0	-1538.73	0.103645	0.0158812	0.0340298	0	13.7178	11.5995	-0	83.5576	0.137178	0.0847311	-0.539859	-0	178.727	178.455	58.891	58.8235	1.89398	1.95411
600	583.771	-0.000244141	874.626	0.103645	0.0129828	0.0360149	-0	13.7178	11.7134	6.51042e-06	-18.5551	0.137178	0.0801761	-0.522913	0	178.532	178.235	59.4586	59.3501	1.9077	1.96571
600	582.311	-0.000244141	-267.408	0.103645	0.0141513	0.0376378	0	13.7178	11.8188	1.30208e-05	-15.0835	0.137178	0.0759617	-0.506878	0	178.33	178	60.0235	59.8963	1.92142	1.97743
600	587.958	0.000244141	-1543.52	0.103645	0.0096333	0.0394067	0	13.7178	11.8401	-1.30208e-05	-126.534	0.137178	0.0751104	-0.491685	0	178.12	177.766	60.5856	60.424	1.93514	1.98924
600	610.071	0	-1608.16	0.103645	-0.00805718	0.0406108	0	13.7178	11.6293	-0	-460.644	0.137178	0.0835391	-0.476663	0	177.902	177.508	61.1447	60.9846	1.94886	2.00108
600	626.815	0	-2005.6	0.103645	-0.0214522	0.0396037	0	13.7178	10.9717	-6.51042e-06	-551.983	0.137178	0.109847	-0.459955	0	177.677	177.207	61.7008	61.6218	1.96257	2.01271
600	628.705	-0.000244141	10767.5	0.103645	-0.0229639	0.0369222	-0	13.7178	9.57007	1.30208e-05	-809.24	0.137178	0.16591	-0.437986	0	177.444	176.9	62.2538	62.2528	1.97629	2.02368
600	601.813	-0.000244141	27404.8	0.103645	-0.00145078	0.0340517	-0	13.7178	5.7346	-0	-1431.61	0.137178	0.319329	-0.404804	0	177.204	176.635	62.8035	62.7837	1.99001	2.03326
600	585.006	0	27404.8	0.103645	0.0119951	0.0338703	-0	13.7178	5.5175	-0	-1736.39	0.137178	0.328013	-0.340938	0	176.956	176.462	63.3498	63.127	2.00373	2.03899
600	560.585	0.000488281	8787.46	0.103645	0.031532	0.0353697	-0	13.7178	4.43625	-6.51042e-06	-964.025	0.137178	0.371263	-0.275336	0	176.7	176.275	63.8927	63.4902	2.01744	2.04451
600	535.903	0	788.435	0.103645	0.0512776	0.0393112	-0	13.7178	3.99672	6.51042e-06	-316.633	0.137178	0.388844	-0.201083	0	176.437	176.078	64.4321	63.87	2.03116	2.04894
600	517.556	0.000244141	-1483.66	0.103645	0.0659549	0.0457209	0	13.7178	4.05206	-1.30208e-05	119.471	0.137178	0.38663	-0.123314	-0	176.167	175.877	64.9678	64.2545	2.04488	2.05294
600	500.815	-0.000244141	-1806.88	0.103645	0.0793478	0.0539653	0	13.7178	4.43306	6.51042e-06	298.198	0.137178	0.371391	-0.0459882	-0	175.89	175.667	65.4997	64.6524	2.0586	2.05699
600	504.694	0	2136.37	0.103645	0.0762444	0.0638838	-0	13.7178	4.63526	-6.51042e-06	-15.4426	0.137178	0.363303	0.0282899	0	175.605	175.459	66.0278	65.0415	2.07232	2.06143
600	522.103	-0.000488281	3357.41	0.103645	0.0623174	0.0734143	-0	13.7178	4.61185	1.30208e-05	-68.115	0.137178	0.364239	0.10095	0	175.313	175.216	66.5519	65.4917	2.08603	2.06606
600	545.257	0	-1967.29	0.103645	0.0437938	0.081204	0	13.7178	4.68315	-6.51042e-06	124.02	0.137178	0.361387	0.173798	-0	175.014	174.939	67.0719	65.9992	2.09975	2.07067
600	563.687	0	-2082.21	0.103645	0.0290498	0.0866782	0	13.7178	4.58418	-0	27.5333	0.137178	0.365346	0.246076	-0	174.707	174.627	67.5878	66.5645	2.11347	2.07536
600	592.059	0	1324.74	0.103645	0.00635215	0.0903094	-0	13.7178	4.54586	-6.51042e-06	-100.197	0.137178	0.366878	0.319145	0	174.394	174.312	68.0995	67.1283	2.12719	2.07994
600	635.145	-0.000244141	-1023.98	0.103645	-0.0281165	0.0911035	0	13.7178	4.67357	6.51042e-06	40.2226	0.137178	0.36177	0.392521	-0	174.073	173.968	68.6068	67.7382	2.14091	2.08449
600	611.363	0	-3954.48	0.103645	-0.00909058	0.0875889	0	13.7178	5.1695	6.51042e-06	244.448	0.137178	0.341933	0.464875	-0	173.746	173.566	69.1097	68.4432	2.15462	2.08916
600	583.082	0	-3954.48	0.103645	0.0135337	0.0864526	0	13.7178	5.30785	-0	1393.19	0.137178	0.336399	0.533261	-0	173.412	173.3	69.608	68.904	2.16834	2.09433
600	543.933	0	-1380.71	0.103645	0.0448529	0.0881443	0	13.7178	7.36393	6.51042e-06	1738.79	0.137178	0.254156	0.600541	-0	173.071	173.055	70.1017	69.3234	2.18206	2.09964
600	533.754	0	-15338.9	0.103645	0.0529968	0.0937509	0	13.7178	10.1213	6.51042e-06	691.685	0.137178	0.143859	0.651372	-0	172.723	172.854	70.5907	69.6611	2.19578	2.107
600	506.325	0	-27386.5	0.103645	0.0749397	0.100376	0	13.7178	11.5293	-0	675.524	0.137178	0.0875406	0.680144	-0	172.369	172.566	71.0748	70.1348	2.20949	2.11712
600	505.523	0	-10370.9	0.103645	0.075581	0.109743	0	13.7178	11.4303	-0	702.459	0.137178	0.0914994	0.697652	-0	172.008	172.298	71.5541	70.5642	2.22321	2.12865
600	526.209	0	3247.28	0.103645	0.0590325	0.119191	-0	13.7178	11.4197	-0	235.47	0.137178	0.0919251	0.715952	-0	171.641	172.005	72.0284	71.0223	2.23693	2.14008
600	547.98	0.000244141	2428.46	0.103645	0.0416156	0.12657	-0	13.7178	11.4431	-0	74.8188	0.137178	0.0909887	0.734337	-0	171.267	171.678	72.4975	71.5205	2.25065	2.1515
600	583.18	0	2598.45	0.103645	0.0134558	0.131772	-0	13.7178	11.5304	-0	102.951	0.137178	0.087498	0.752535	-0	170.886	171.329	72.9615	72.0394	2.26437	2.16294
600	633.82	0	2275.23	0.103645	-0.0270561	0.133454	-0	13.7178	11.5612	-0	-36.3919	0.137178	0.0862635	0.770034	0	170.499	170.924	73.4203	72.6269	2.27808	2.17447
600	650.649	-0.000244141	412.545	0.103645	-0.0405195	0.130072	-0	13.7178	3.47313	1.30208e-05	-40.7014	0.137178	0.409788	0.787287	0	170.106	170.446	73.8736	73.3025	2.2918	2.18604
600	708.004	-0.000244141	388.603	0.103645	-0.0864032	0.125007	-0	13.7178	2.05877	1.30208e-05	6.94319	0.137178	0.466362	0.869245	-0	169.707	170.031	74.3216	73.886	2.30552	2.18951
600	737.247	0	-616.962	0.103645	-0.109798	0.114206	0	13.7178	1.41385	-6.51042e-06	-33.6385	0.137178	0.492159	0.962517	0	169.302	169.486	74.764	74.6472	2.31924	2.19157
600	754.822	0	-5438.88	0.103645	-0.123858	0.100481	0	13.7178	-0.275076	-0	199.916	0.137178	0.559716	1.06095	-0	168.891	168.987	75.2009	75.3434	2.33296	2.19298
600	733.007	0	-11661.4	0.103645	-0.106406	0.0849992	0	13.7178	-4.53091	-0	1392.71	0.137178	0.729949	1.17289	-0	168.473	168.494	75.632	76.0317	2.34667	2.19271
600	677.777	0	-13993.4	0.103645	-0.0622222	0.0716985	0	13.7178	-1.51383	-0	2599.38	0.137178	0.609266	1.31888	-0	168.05	168.093	76.0574	76.5963	2.36039	2.18818
600	622.881	0	-19938.2	0.103645	-0.018305	0.0639207	0	13.7178	1.55433	-6.51042e-06	2427.72	0.137178	0.48654	1.44074	-0	167.621	167.797	76.477	77.0149	2.37411	2.18666
600	578.443	0	-31760.7	0.103645	0.0172456	0.0616326	0	13.7178	3.59338	-0	1783.92	0.137178	0.404978	1.53804	-0	167.187	167.517	76.8906	77.4088	2.38783	2.18822
600	536.846	-0.000488281	-28143.1	0.103645	0.0505228	0.0637883	0	13.7178	0.779572	1.30208e-05	1340.75	0.137178	0.51753	1.61904	-0	166.746	167.21	77.2982	77.838	2.40154	2.19181
600	516.439	0	-9310.31	0.103645	0.0668482	0.0701037	0	13.7178	8.43348	6.51042e-06	512.12	0.137178	0.211374	1.72254	-0	166.301	166.929	77.6997	78.2306	2.41526	2.19259
600	511.024	0	405.362	0.103645	0.0711808	0.0784597	-0	13.7178	20.3698	6.51042e-06	122.583	0.137178	-0.26608	1.76482	-0	165.849	166.65	78.0951	78.612	2.42898	2.20102
600	509.256	0	180.307	0.103645	0.0725948	0.0873573	-0	13.7178	26.3423	-6.51042e-06	215.478	0.137178	-0.504977	1.7116	-0	165.393	166.355	78.4843	79.0001	2.4427	2.22139
600	505.537	0.000244141	-444.579	0.103645	0.07557	0.0964316	0	13.7178	26.0294	-1.30208e-05	82.0014	0.137178	-0.492462	1.61061	-0	164.931	166.041	78.8671	79.391	2.45642	2.24773
600	511.543	0	-1272.97	0.103645	0.0707655	0.105878	0	13.7178	20.3858	6.51042e-06	282.516	0.137178	-0.266719	1.51212	-0	164.464	165.722	79.2436	79.7666	2.47013	2.27376
600	500.458	0	-2417.4	0.103645	0.0796331	0.114724	0	13.7178	1.38512	6.51042e-06	605.015	0.137178	0.493308	1.45877	-0	163.991	165.365	79.6137	80.1719	2.48385	2.29415
600	527.855	0	-4723.02	0.103645	0.0577157	0.124678	0	13.7178	-6.74344	6.51042e-06	816.782	0.137178	0.81845	1.55743	-0	163.514	165.056	79.9772	80.5206	2.49757	2.29553
600	549.351	0	-16325.3	0.103645	0.0405187	0.131892	0	13.7178	-1.87993	-6.51042e-06	998.143	0.137178	0.62391	1.72112	-0	163.032	164.624	80.3342	81.0149	2.51129	2.28879
600	588.915	0	-37669.6	0.103645	0.00886748	0.136957	0	13.7178	-1.17967	-6.51042e-06	1547.73	0.137178	0.5959	1.84591	-0	162.545	164.164	80.6845	81.5435	2.525	2.28691
600	558.523	0	-33278.7	0.103645	0.0331813	0.138065	0	13.7178	5.94106	6.51042e-06	2732.5	0.137178	0.31107	1.96509	-0	162.053	163.575	81.028	82.2215	2.53872	2.28573
600	516.066	-0.000244141	3046.17	0.103645	0.067147	0.142213	-0	13.7178	-6.71577	6.51042e-06	1791.4	0.137178	0.817344	2.0273	-0	161.556	163.199	81.3648	82.6497	2.55244	2.29167
600	498.016	0	17061.8	0.103645	0.0815873	0.150606	-0	13.7178	-12.2242	-6.51042e-06	366.792	0.137178	1.03768	2.19077	-0	161.055	162.98	81.6948	82.9022	2.56616	2.28496
600	506.844	0	7525.72	0.103645	0.0745246	0.160805	-0	13.7178	-0.981721	-0	-513.077	0.137178	0.587982	2.3983	0	160.549	162.75	82.0179	83.1752	2.57988	2.27273
600	530.231	-0.000244141	-1371.14	0.103645	0.0558147	0.17012	0	13.7178	2.91547	-0	-120.428	0.137178	0.432094	2.5159	0	160.039	162.419	82.334	83.5665	2.59359	2.27175
600	555.508	0.000244141	-5910.54	0.103645	0.0355929	0.177097	0	13.7178	-0.178231	-6.51042e-06	197.282	0.137178	0.555842	2.60232	-0	159.525	162.012	82.643	84.0462	2.60731	2.27467
600	593.632	-0.000244141	-2738.22	0.103645	0.00509395	0.181546	0	13.7122	-8.01944	-11.4499	-88.2263	0.116512	0.869265	2.71349	0	159.007	161.572	82.945	84.5649	2.62103	2.27449
600	629.212	0.000244141	175.519	0.103645	-0.0233698	0.182183	-0	13.6949	-8.63244	-23.0744	-184.713	0.0954154	0.893094	2.88734	0	158.484	161.087	83.2399	85.1461	2.63473	2.26647
600	660.333	-0.000244141	-2968.07	0.103645	-0.048267	0.179262	0	13.666	8.1472	-34.6988	82.2408	0.0742025	0.220753	3.06596	-0	157.958	160.598	83.5275	85.742	2.64841	2.25784
600	672.43	-0.000244141	-5735.77	0.103645	-0.0579442	0.173229	0	13.6255	16.0469	-46.3233	2.15479	0.0528733	-0.0968568	3.11011	-0	157.427	160.087	83.808	86.3538	2.66206	2.26598
600	665.884	0	-2884.27	0.103645	-0.0527075	0.165986	0	13.5734	12.1061	-57.9478	274.495	0.0314279	0.0586908	3.09074	-0	156.893	159.602	84.0811	86.9173	2.67566	2.28203
600	619.498	0	2043	0.103645	-0.0155986	0.159397	-0	13.5096	9.3551	-69.5723	711.676	0.00986622	0.166181	3.10248	-0	156.355	159.171	84.3471	87.4054	2.6892	2.29414
600	577.512	-0.000244141	6824.22	0.103645	0.0179902	0.157447	-0	13.4342	4.33302	-81.1967	264.2	-0.0118117	0.364049	3.13571	-0	155.814	158.886	84.6057	87.7219	2.70268	2.30349
600	549.55	0	5327.84	0.103645	0.04036	0.159696	-0	13.3472	9.8904	-92.8212	-386.424	-0.0336058	0.138273	3.20852	0	155.269	158.629	84.857	88.005	2.71607	2.30782
600	531.608	-0.000244141	769.281	0.103645	0.0547133	0.164741	-0	13.2486	17.3368	-104.446	-320.703	-0.0555162	-0.163527	3.23618	0	154.721	158.346	85.101	88.3105	2.72937	2.31772
600	509.607	0.000244141	-2613.73	0.103645	0.0723137	0.17158	0	13.1383	25.5324	-116.07	135.871	-0.0775428	-0.495762	3.20347	-0	154.169	158.03	85.3378	88.6403	2.74256	2.33505
600	503.754	0	-3810.83	0.103645	0.0769967	0.180619	0	13.0165	21.1712	-127.695	290.297	-0.0996857	-0.326189	3.10432	-0	153.615	157.723	85.5673	88.9444	2.75564	2.36058
600	479.52	0.000244141	-1586.61	0.103645	0.0963837	0.190244	0	12.883	22.7058	-139.319	141.018	-0.121945	-0.392914	3.03908	-0	153.058	157.364	85.7895	89.2858	2.76859	2.38176
600	466.521	0	1298.4	0.103645	0.106783	0.202292	-0	12.7378	23.3454	-150.944	-79.8466	-0.14432	-0.424303	2.9605	-0	152.498	157.076	86.0046	89.5472	2.7814	2.40446
600	444.707	-0.000244141	4283.97	0.103645	0.124234	0.21564	-0	12.5811	18.8661	-162.568	-250.194	-0.166812	-0.2514	2.87564	0	151.935	156.767	86.2125	89.8152	2.79406	2.42781
600	439.92	-0.000244141	7959.07	0.103645	0.128064	0.231169	-0	12.4127	27.5406	-174.193	-566.708	-0.18942	-0.605116	2.82536	0	151.369	156.505	86.4133	90.0331	2.80656	2.44667
600	428.638	0	5208.13	0.103645	0.137089	0.247177	-0	12.2327	34.4953	-185.817	-560.243	-0.212144	-0.890504	2.70434	0	150.802	156.2	86.6071	90.2738	2.81888	2.47421
600	404.482	0	-1349.59	0.103645	0.156414	0.264313	0	12.0411	26.1997	-197.442	-325.013	-0.234984	-0.566344	2.52624	0	150.231	155.907	86.7939	90.4884	2.83102	2.50871
600	386.246	0.00012207	2651.12	0.103645	0.171003	0.283865	-0	11.8378	25.4228	-209.066	-969.652	-0.257941	-0.543399	2.41297	0	149.659	155.65	86.9738	90.667	2.84296	2.53491
600	382.112	-0.00012207	8277.5	0.103645	0.17431	0.30524	-0	11.6229	29.2742	-220.69	-1112.23	-0.281014	-0.706051	2.30429	0	149.085	155.397	87.147	90.8332	2.85469	2.56033
600	364.725	0	4985.47	0.103645	0.188219	0.327029	-0	11.3964	31.342	-232.315	-169.509	-0.304203	-0.797823	2.16308	-0	148.508	155.114	87.3134	91.0075	2.8662	2.58961
600	353.034	0	2562.54	0.103645	0.197572	0.350557	-0	11.1591	31.492	-239.596	122.942	-0.319681	-0.813318	2.00351	-0	147.93	154.875	87.4733	91.1444	2.87748	2.62095
600	342.567	0.00012207	1760.48	0.103645	0.205946	0.375253	-0	10.9195	30.8652	-239.596	81.2831	-0.322077	-0.797828	1.84085	-0	147.35	154.614	87.6267	91.2835	2.88852	2.65244
600	337.36	0	1698.23	0.103645	0.210112	0.400997	-0	10.6799	30.2916	-239.596	-103.43	-0.324473	-0.784467	1.68128	-0	146.768	154.351	87.7738	91.4134	2.89932	2.6833
600	333.796	0.00012207	96.5103	0.103645	0.212963	0.42726	-0	10.4403	30.514	-239.596	-18.3156	-0.326869	-0.802948	1.52439	-0	146.185	154.069	87.9146	91.542	2.90988	2.7136
600	321.667	-0.00012207	-4639.22	0.103645	0.222666	0.453881	0	10.2007	30.878	-239.596	197.641	-0.329265	-0.82709	1.3638	-0	145.6	153.774	88.0494	91.6655	2.9202	2.74411
600	308.563	0	-3104.54	0.103645	0.23315	0.481714	0	9.96114	30.9982	-239.596	-5.62638	-0.331661	-0.841484	1.19838	-0	145.014	153.502	88.1782	91.7701	2.93028	2.77499
600	309.963	0	-109.391	0.103645	0.232029	0.510858	0	9.72154	30.9865	-239.596	47.4052	-0.334057	-0.8506	1.03008	-0	144.427	153.249	88.3011	91.8585	2.94012	2.80599
600	309.822	0	1545	0.103645	0.232142	0.539862	-0	9.48195	30.8727	-239.596	98.8805	-0.336453	-0.855628	0.859965	-0	143.838	152.947	88.4184	91.9533	2.94973	2.83697
600	303.119	0.00012207	3893.71	0.103645	0.237504	0.568879	-0	9.24236	30.7247	-239.596	25.9771	-0.338849	-0.859295	0.688839	-0	143.249	152.655	88.53	92.0353	2.95909	2.86785
600	293.179	0	6113.14	0.103645	0.245456	0.598567	-0	9.00277	30.6715	-239.596	26.0968	-0.341245	-0.86675	0.51698	-0	142.658	152.402	88.6362	92.098	2.96821	2.89857
600	279.268	0	6113.14	0.103645	0.256585	0.629249	-0	8.76317	30.6109	-239.596	65.6012	-0.34364	-0.873908	0.34363	-0	142.067	152.178	88.7371	92.1463	2.97709	2.92924
600	274.398	0	9721.2	0.103645	0.260481	0.661323	-0	8.52358	30.6673	-239.596	-311.605	-0.346036	-0.885748	0.168848	0	141.475	151.983	88.8327	92.1823	2.98574	2.95985
600	270.796	6.10352e-05	8617.47	0.103645	0.263363	0.693883	-0	8.28399	30.4587	-239.596	-516.908	-0.348432	-0.886988	-0.00830126	0	140.882	151.769	88.9234	92.2148	2.99414	2.99052
600	263.805	-6.10352e-05	3872.17	0.103645	0.268956	0.726803	-0	8.0444	30.1756	-239.596	-618.542	-0.350828	-0.885248	-0.185699	0	140.288	151.549	89.0091	92.2415	3.0023	3.02098
600	250.169	0	-1083.83	0.103645	0.279865	0.760422	0	7.8048	29.5637	-239.596	-751.899	-0.353224	-0.870355	-0.362748	0	139.693	151.329	89.09	92.2614	3.01023	3.05115
600	236.991	6.10352e-05	297.623	0.103645	0.290407	0.795406	-0	7.56521	28.276	-239.596	-904.41	-0.35562	-0.82843	-0.536819	0	139.098	151.13	89.1663	92.2735	3.01791	3.08072
600	230.937	-3.05176e-05	6003.01	0.103645	0.29525	0.831706	-0	7.32562	26.7701	-239.596	-919.134	-0.358016	-0.777778	-0.702505	0	138.502	150.947	89.2381	92.2795	3.02536	3.10899
600	237.604	3.05176e-05	8042.87	0.103645	0.289916	0.868613	-0	7.08603	25.6931	-239.596	-626.443	-0.360412	-0.744282	-0.858061	0	137.906	150.764	89.3055	92.2806	3.03256	3.13576
600	244.025	0	4595.22	0.103645	0.28478	0.904852	-0	6.84643	25.691	-239.596	-293.529	-0.362808	-0.753781	-1.00692	0	137.309	150.532	89.3687	92.276	3.03953	3.16146
600	232.826	0	-3861.11	0.103645	0.293739	0.94045	0	6.60684	26.1156	-239.596	135.392	-0.365204	-0.78035	-1.15767	-0	136.712	150.281	89.4278	92.2645	3.04626	3.18715
600	221.449	0	-5218.62	0.103645	0.30284	0.977167	0	6.36725	26.3327	-239.596	40.1029	-0.3676	-0.798617	-1.31374	-0	136.115	150.078	89.483	92.2499	3.05274	3.21326
600	225.284	-3.05176e-05	-30.3824	0.103645	0.299772	1.01502	0	6.12766	25.8357	-239.596	-309.211	-0.369996	-0.788321	-1.47347	0	135.517	149.882	89.5344	92.2307	3.05899	3.2396
600	220.138	0	1664.71	0.103645	0.303889	1.05249	-0	5.88806	24.7214	-239.596	-373.735	-0.372392	-0.753335	-1.63113	0	134.919	149.643	89.5821	92.2009	3.065	3.26543
600	223.315	0	1664.71	0.103645	0.301348	1.09048	-0	5.64847	24.6725	-239.596	-496.079	-0.374787	-0.760961	-1.7818	0	134.321	149.452	89.6262	92.1724	3.07077	3.29015
600	219.338	0	-796.527	0.103645	0.304529	1.12815	0	5.40888	24.2851	-239.596	-219.069	-0.377183	-0.755049	-1.93399	-0	133.722	149.226	89.667	92.1329	3.0763	3.31483
600	209.938	0	-1124.53	0.103645	0.312049	1.16621	0	5.16929	24.4277	-239.596	10.4148	-0.379579	-0.770337	-2.085	-0	133.123	149.024	89.7046	92.0923	3.08158	3.33911
600	204.297	-1.52588e-05	-1124.53	0.103645	0.316562	1.20522	0	4.92969	24.4501	-239.596	64.6434	-0.381975	-0.780815	-2.23907	-0	132.524	148.851	89.7391	92.0534	3.08663	3.36354
600	198.161	1.52588e-05	-2273.75	0.103645	0.321471	1.24479	0	4.6901	24.4714	-239.596	28.3713	-0.384371	-0.79125	-2.39523	-0	131.925	148.671	89.7706	92.008	3.09144	3.38799
600	197.642	0	766.887	0.103645	0.321886	1.28497	-0	4.45051	24.1553	-239.596	-265.637	-0.386767	-0.788191	-2.55348	0	131.326	148.495	89.7992	91.9591	3.09601	3.41246
600	199.431	0	2931.25	0.103645	0.320455	1.32521	-0	4.21092	23.6732	-239.596	-388.938	-0.389163	-0.778491	-2.71112	0	130.726	148.31	89.8253	91.9031	3.10035	3.43662
600	199.36	7.62939e-06	1054.19	0.103645	0.320511	1.36527	-0	3.97132	23.4199	-239.596	-249.596	-0.391559	-0.777943	-2.86682	0	130.127	148.125	89.8488	91.842	3.10444	3.46029
600	195.117	0	-1828.43	0.103645	0.323906	1.40533	0	3.73173	23.355	-239.596	-46.5672	-0.393955	-0.78493	-3.02241	-0	129.527	147.942	89.8699	91.7767	3.10829	3.48371
600	191.148	-3.8147e-06	-2446.13	0.103645	0.327081	1.44582	0	3.49214	23.3614	-239.596	33.04	-0.396351	-0.794769	-3.17939	-0	128.927	147.769	89.8888	91.7104	3.1119	3.50706
600	185.704	3.8147e-06	-1265.79	0.103645	0.331436	1.4867	0	3.25255	23.3028	-239.596	42.4971	-0.398747	-0.802011	-3.33835	-0	128.328	147.597	89.9056	91.6402	3.11527	3.53043
600	180.252	0	604.081	0.103645	0.335798	1.52813	-0	3.01295	23.1804	-239.596	-11.8513	-0.401143	-0.8067	-3.49875	-0	127.728	147.443	89.9204	91.5725	3.1184	3.55373
600	173.044	0	1451.63	0.103645	0.341564	1.57011	-0	2.77336	22.9453	-239.596	0.718262	-0.403539	-0.806876	-3.66009	-0	127.128	147.301	89.9334	91.5067	3.1213	3.57691
600	161.609	1.90735e-06	5145.88	0.103645	0.350713	1.6128	-0	2.53377	22.229	-239.596	-91.5782	-0.405934	-0.78781	-3.82146	-0	126.528	147.177	89.9448	91.4455	3.12395	3.59985
600	157.136	0	17856.7	0.103645	0.354291	1.65664	-0	2.29728	20.8934	-231.104	-854.73	-0.393015	-0.743846	-3.97902	0	125.928	147.092	89.9547	91.4015	3.12637	3.62208
600	159.074	0	25731.2	0.103645	0.35274	1.70093	-0	2.07199	19.378	-219.48	-1532.53	-0.374344	-0.692239	-4.12779	0	125.328	147.033	89.9631	91.3689	3.12855	3.64298
600	160.872	0	19369.8	0.103645	0.351302	1.74502	-0	1.85832	18.2786	-207.856	-1215.06	-0.355557	-0.656812	-4.26624	0	124.728	146.978	89.9704	91.3371	3.13051	3.66235
600	148.189	0	1231.36	0.103645	0.361449	1.78894	-0	1.65628	18.1179	-196.231	-143.772	-0.336654	-0.658466	-4.3976	-0	124.128	146.9	89.9765	91.2906	3.13227	3.68063
600	138.51	0	1231.36	0.103645	0.369191	1.83412	-0	1.46587	18.2126	-184.607	-71.826	-0.317634	-0.669871	-4.5293	-0	123.528	146.821	89.9816	91.2417	3.13383	3.69875
600	128.572	0	-1907.44	0.103645	0.377142	1.88027	0	1.28707	18.534	-172.983	115.64	-0.298498	-0.689879	-4.66327	-0	122.928	146.742	89.9858	91.19	3.13521	3.71696
600	116.067	0	41.4436	0.103645	0.387146	1.92741	-0	1.1199	18.5149	-161.359	-25.3785	-0.279246	-0.695799	-4.80125	-0	122.328	146.662	89.9893	91.1361	3.13641	3.7355
600	109.667	0	41.4436	0.103645	0.392266	1.9758	-0	0.964361	18.4968	-149.734	-146.166	-0.259878	-0.701297	-4.94041	-0	121.728	146.608	89.9921	91.0982	3.13745	3.75401
600	105.584	0	-624.144	0.103645	0.395532	2.02483	0	0.82044	18.2786	-138.11	-229.724	-0.240393	-0.698327	-5.08067	0	121.128	146.54	89.9943	91.0487	3.13834	3.77251
600	103.366	0	-485.281	0.103645	0.397307	2.07428	0	0.688144	17.8614	-126.486	-407.373	-0.220793	-0.686932	-5.22033	0	120.528	146.467	89.996	90.9932	3.13909	3.79079
600	101.223	5.96046e-08	323.959	0.103645	0.399021	2.12394	-0	0.567472	17.0803	-114.861	-704.614	-0.201076	-0.660513	-5.35772	0	119.928	146.391	89.9973	90.9336	3.13972	3.80865
600	100.836	-2.98023e-08	3548.95	0.103645	0.399331	2.17382	-0	0.458425	15.9501	-103.237	-888.847	-0.181242	-0.619667	-5.48982	0	119.328	146.32	89.9983	90.8758	3.14023	3.82573
600	103.591	0	5131.52	0.103645	0.397127	2.22373	-0	0.361001	14.9125	-91.6127	-693.361	-0.161293	-0.582059	-5.61375	0	118.728	146.255	89.999	90.821	3.14064	3.84168
600	105.413	7.45058e-09	2883.36	0.103645	0.39567	2.27337	-0	0.275202	14.4591	-79.9884	-305.021	-0.141227	-0.567357	-5.73017	0	118.128	146.184	89.9994	90.7593	3.14096	3.85659
600	99.7799	0	-779.768	0.103645	0.400176	2.32283	0	0.201026	14.6826	-68.3641	4.07014	-0.121045	-0.579263	-5.84364	-0	117.528	146.109	89.9997	90.6919	3.1412	3.87105
600	95.9846	0	-1756.6	0.103645	0.403212	2.37286	0	0.138475	14.7922	-56.7398	58.1791	-0.100747	-0.58615	-5.95949	-0	116.928	146.05	89.9999	90.6375	3.14136	3.88573
600	92.0133	0	-178.823	0.103645	0.406389	2.42326	0	0.0875484	14.7326	-45.1155	-52.6724	-0.0803323	-0.585803	-6.07672	0	116.328	145.986	90	90.577	3.14148	3.90053
600	90.0515	0	-324.869	0.103645	0.407959	2.47406	0	0.0482456	14.5613	-33.4911	-109.535	-0.0598016	-0.580522	-6.19388	0	115.728	145.931	90.0001	90.5233	3.14154	3.91526
600	90.9279	1.45519e-11	2141.16	0.103645	0.407257	2.52505	-0	0.0205669	14.2878	-21.8668	-276.889	-0.0391547	-0.570689	-6.30999	0	115.128	145.872	90.0001	90.4641	3.14158	3.92982
600	87.1437	0	-818.075	0.103645	0.410285	2.57596	0	0.00451246	14.2974	-10.2425	-107.021	-0.0183915	-0.571714	-6.42412	0	114.528	145.812	90.0001	90.4024	3.14159	3.94411
600	81.6363	0	-5192.28	0.103645	0.414691	2.62724	0	0	14.391	-0	217.394	0	-0.57564	-6.53847	-0	113.928	145.761	90.0001	90.3475	3.14159	3.9584
600	82.1476	0	-2869.91	0.103645	0.414282	2.67908	0	0	14.4676	-0	165.798	0	-0.578705	-6.65359	-0	114	145.707	90	90.2881	3.14159	3.9728
600	83.3684	0	-478.098	0.103645	0.413305	2.73086	0	0	14.4325	-0	-90.2614	0	-0.577301	-6.76933	0	113.4	145.643	90	90.2165	3.14159	3.98726
600	81.5957	0	1080.53	0.103645	0.414723	2.78253	-0	0	14.2207	-0	-165.2	0	-0.568829	-6.88479	0	112.8	145.585	90	90.1482	3.14159	4.0017
600	83.0245	0	4736.47	0.103645	0.41358	2.83437	-0	0	13.5524	-0	-305.62	0	-0.542096	-6.99856	0	112.2	145.539	90	90.0943	3.14159	4.01592
600	91.2647	0	15666	0.103645	0.406988	2.88607	-0	0	11.3963	-0	-1039.08	0	-0.455851	-7.10698	0	111.6	145.495	90	90.0402	3.14159	4.02947
600	102.247	0	15666	0.103645	0.398202	2.93694	-0	0	11.2366	-0	-1150.29	0	-0.449466	-7.19815	0	111	145.457	90	89.992	3.14159	4.04086
600	102.633	0	7027.72	0.103645	0.397894	2.98671	-0	0	9.69246	-0	-573.651	0	-0.387698	-7.28804	0	110.4	145.406	90	89.926	3.14159	4.0521
600	98.65	0	2643.94	0.103645	0.40108	3.03645	-0	0	9.65521	-0	-154.187	0	-0.386208	-7.36558	0	109.8	145.36	90	89.8655	3.14159	4.06179
600	101.578	0	2643.94	0.103645	0.398737	3.08659	-0	0	9.67437	-0	-76.1356	0	-0.386975	-7.44282	0	109.2	145.317	90	89.8077	3.14159	4.07145
600	102.308	0	431.699	0.103645	0.398153	3.13643	-0	0	9.85954	-0	21.5478	0	-0.394382	-7.52022	-0	108.6	145.256	90	89.7248	3.14159	4.08112
600	102.503	0	434.093	0.103645	0.397997	3.1862	-0	0	9.92339	-0	-30.8852	0	-0.396936	-7.5991	0	108	145.196	90	89.6406	3.14159	4.09098
600	102.978	0	929.693	0.103645	0.397617	3.23595	-0	0	9.87338	-0	-76.6145	0	-0.394935	-7.67848	0	107.4	145.138	90	89.5575	3.14159	4.10091
600	95.2352	0	187.49	0.103645	0.403812	3.28565	-0	0	9.80952	-0	-68.3545	0	-0.392381	-7.75747	0	106.8	145.08	90	89.4741	3.14159	4.11078
600	88.3433	0	-293.745	0.103645	0.409325	3.33613	0	0	9.78185	-0	-68.5939	0	-0.391274	-7.83595	0	106.2	145.045	90	89.4214	3.14159	4.12059
600	87.1604	0	-367.965	0.103645	0.410271	3.38729	0	0	9.70949	-0	-102.711	0	-0.388379	-7.9142	0	105.6	145.011	90	89.3696	3.14159	4.13037
600	87.223	0	206.644	0.103645	0.410221	3.43858	-0	0	9.51686	-0	-175.495	0	-0.380674	-7.99188	0	105	144.965	90	89.2991	3.14159	4.14008
600	88.0075	0	1025.46	0.103645	0.409594	3.48985	-0	0	9.18482	-0	-305.5	0	-0.367393	-8.06801	0	104.4	144.919	90	89.2258	3.14159	4.1496
600	90.7517	0	2105.25	0.103645	0.407398	3.54105	-0	0	8.79212	-0	-427.604	0	-0.351685	-8.14149	0	103.8	144.873	90	89.1518	3.14159	4.15878
600	89.4002	0	412.545	0.103645	0.40848	3.59198	-0	0	8.47924	-0	-276.77	0	-0.33917	-8.21183	0	103.2	144.825	90	89.072	3.14159	4.16757
600	88.3795	0	587.322	0.103645	0.409296	3.64304	-0	0	8.03652	-0	-392.529	0	-0.321461	-8.27966	0	102.6	144.783	90	89.0012	3.14159	4.17605
600	90.836	0	3898.5	0.103645	0.407331	3.6942	-0	0	7.29263	-0	-598.79	0	-0.291705	-8.34395	0	102	144.742	90	88.9304	3.14159	4.18409
600	92.8146	0	5088.42	0.103645	0.405748	3.74512	-0	0	6.4902	-0	-436.583	0	-0.259608	-8.4023	0	101.4	144.699	90	88.8566	3.14159	4.19138
600	93.7255	0	3855.41	0.103645	0.405019	3.79583	-0	0	6.09112	-0	-231.4	0	-0.243645	-8.45422	0	100.8	144.66	90	88.7867	3.14159	4.19787
600	94.31	0	1224.18	0.103645	0.404552	3.84646	-0	0	6.10389	-0	-56.3834	0	-0.244156	-8.50295	0	100.2	144.62	90	88.7151	3.14159	4.20396
600	92.6237	0	300.017	0.103645	0.405901	3.89703	-0	0	6.17626	-0	-20.4704	0	-0.24705	-8.55178	0	99.6	144.576	90	88.6347	3.14159	4.21007
600	91.9896	0	1777.24	0.103645	0.406408	3.94777	-0	0	6.08367	-0	-71.5866	0	-0.243347	-8.60119	0	99	144.535	90	88.5602	3.14159	4.21624
600	88.2034	0	1506.7	0.103645	0.409437	3.99857	-0	0	5.8655	-0	-58.2988	0	-0.23462	-8.64986	0	98.4	144.497	90	88.4875	3.14159	4.22233
600	86.5905	0	1506.7	0.103645	0.410727	4.04975	-0	0	5.83145	-0	-129.526	0	-0.233258	-8.69678	0	97.8	144.465	90	88.4282	3.14159	4.22819
600	86.6117	0	1090.1	0.103645	0.41071	4.10109	-0	0	5.67926	-0	-139.821	0	-0.227171	-8.74343	0	97.2	144.431	90	88.3624	3.14159	4.23403
600	86.6749	0	1542.61	0.103645	0.41066	4.15243	-0	0	5.47919	-0	-199.317	0	-0.219168	-8.78887	0	96.6	144.394	90	88.2891	3.14159	4.2397
600	87.4356	0	3309.53	0.103645	0.410051	4.20376	-0	0	4.68953	-0	-384.629	0	-0.187581	-8.8327	0	96	144.357	90	88.217	3.14159	4.24518
600	90.3985	0	3309.53	0.103645	0.407681	4.25502	-0	0	4.52564	-0	-302.148	0	-0.181026	-8.87022	0	95.4	144.323	90	88.1479	3.14159	4.24987
600	95.9011	0	6149.05	0.103645	0.403279	4.30598	-0	0	3.94671	-0	-293.649	0	-0.157868	-8.90642	0	94.8	144.284	90	88.068	3.14159	4.2544
600	99.9623	0	6998.99	0.103645	0.40003	4.35639	-0	0	3.61892	-0	-430.358	0	-0.144757	-8.93799	0	94.2	144.243	90.0001	87.9842	3.14159	4.25835
600	99.4332	0	3941.6	0.103645	0.400453	4.40639	-0	0	3.41779	-0	-375.531	0	-0.136711	-8.96695	0	93.6	144.204	90.0001	87.9048	3.14159	4.26196
600	96.3062	0	2131.58	0.103645	0.402955	4.45645	-0	0	3.1049	-0	-326.928	0	-0.124196	-8.99429	0	93	144.169	90.0001	87.8312	3.14159	4.26538
600	94.8438	0	3426.84	0.103645	0.404125	4.50682	-0	0	2.62281	-0	-393.607	0	-0.104912	-9.01913	0	92.4	144.137	90.0001	87.7632	3.14159	4.26849
600	94.4785	0	3457.97	0.103645	0.404417	4.55733	-0	0	2.21202	-0	-333.512	0	-0.0884807	-9.04011	0	91.8	144.105	90.0001	87.6952	3.14159	4.27111
600	92.2626	0	853.078	0.103645	0.40619	4.60789	-0	0	2.05345	-0	-169.15	0	-0.082138	-9.05781	0	91.2	144.071	90.0001	87.6235	3.14159	4.27332
600	90.2977	0	-1153.26	0.103645	0.407762	4.65866	0	0	2.05664	-0	-74.34	0	-0.0822657	-9.07423	0	90.6	144.037	90.0001	87.551	3.14159	4.27538
600	86.2858	0	-1651.26	0.103645	0.410971	4.70963	0	0	2.04174	-0	-64.1646	0	-0.0816697	-9.09069	0	90	144	90.0001	87.4721	3.14159	4.27743
600	82.8086	0	-1299.31	0.103645	0.413753	4.761	0	0	1.9449	-0	-102.113	0	-0.0777959	-9.10702	0	89.4	143.968	90.0001	87.4023	3.14159	4.27947
600	80.3843	0	-461.339	0.103645	0.415692	4.81272	0	0	1.75334	-0	-188.184	0	-0.0701335	-9.12258	0	88.8	143.937	90.0001	87.335	3.14159	4.28142
600	77.803	0	-186.006	0.103645	0.417757	4.86468	0	0	1.50537	-0	-222.661	0	-0.0602149	-9.13661	0	88.2	143.907	90.0001	87.2691	3.14159	4.28317
600	76.0785	0	-250.649	0.103645	0.419137	4.9169	0	0	1.24677	-0	-173.58	0	-0.0498707	-9.14865	0	87.6	143.879	90.0001	87.207	3.14159	4.28468
600	74.8829	0	-413.455	0.103645	0.420093	4.96929	0	0	1.0701	-0	-115.161	0	-0.0428042	-9.15862	0	87	143.85	90.0001	87.1431	3.14159	4.28592
600	71.9237	0	-755.826	0.103645	0.422461	5.0218	0	0	0.987095	-0	-80.2058	0	-0.0394838	-9.16719	0	86.4	143.82	90.0001	87.0777	3.14159	4.28699
600	68.0276	0	-1299.31	0.103645	0.425578	5.07461	0	0	0.955169	-0	-31.4838	0	-0.0382067	-9.17508	0	85.8	143.794	90.0001	87.0202	3.14159	4.28798
600	66.1668	0	-1296.92	0.103645	0.427066	5.12781	0	0	0.910471	-0	-21.7872	0	-0.0364189	-9.18272	0	85.2	143.77	90.0001	86.9677	3.14159	4.28894
600	66.1236	0	412.545	0.103645	0.427101	5.18119	-0	0	0.667828	-0	-113.006	0	-0.0267131	-9.19001	0	84.6	143.744	90.0001	86.9094	3.14159	4.28985
600	68.3626	0	412.545	0.103645	0.42531	5.23458	-0	0	0.645479	-0	-103.669	0	-0.0258192	-9.19535	0	84	143.718	90.0001	86.8507	3.14159	4.29051
600	66.8789	0	532.255	0.103645	0.426497	5.28774	-0	0	0.377294	-0	-103.43	0	-0.0150918	-9.20051	0	83.4	143.687	90.0001	86.7817	3.14159	4.29116
600	65.1761	0	185.096	0.103645	0.427859	5.34106	-0	0	0.277257	-0	-105.943	0	-0.0110903	-9.20353	0	82.8	143.663	90.0001	86.728	3.14159	4.29154
600	64.6028	0	185.096	0.103645	0.428317	5.39454	-0	0	0.265551	-0	-111.929	0	-0.010622	-9.20575	0	82.2	143.639	90.0001	86.6754	3.14159	4.29181
600	64.5776	0	-152.487	0.103645	0.428338	5.44808	0	0	0.163385	-0	-57.3411	0	-0.00653541	-9.20788	0	81.6	143.614	90.0001	86.6192	3.14159	4.29208
600	64.4531	0	-183.611	0.103645	0.428437	5.50162	0	0	0.0910179	-0	-35.0751	0	-0.00364071	-9.20918	0	81	143.588	90.0001	86.5597	3.14159	4.29224
600	65.122	0	-8.83461	0.103645	0.427902	5.55517	0	0	0.039935	-0	-59.1368	0	-0.0015974	-9.20991	0	80.4	143.561	90.0001	86.5007	3.14159	4.29234
600	66.6537	0	161.154	0.103645	0.426677	5.60866	-0	0	-0.0345607	-0	-81.8817	0	0.00138243	-9.21023	0	79.8	143.534	90.0001	86.4387	3.14159	4.29238
600	66.3679	0	232.98	0.103645	0.426905	5.662	-0	0	-0.137791	-0	-89.7826	0	0.00551162	-9.20996	0	79.2	143.504	90.0001	86.3729	3.14159	4.29234
600	65.6134	0	161.154	0.103645	0.427509	5.71536	-0	0	-0.239956	-0	-70.5092	0	0.00959825	-9.20885	0	78.6	143.478	90.0001	86.3142	3.14159	4.2922
600	64.6668	0	-71.0838	0.103645	0.428266	5.7688	0	0	-0.294232	-0	-45.011	0	0.0117693	-9.20693	0	78	143.453	90.0001	86.2576	3.14159	4.29196
600	62.9393	0	-595.414	0.103645	0.429648	5.82233	0	0	-0.292103	-0	-39.2649	0	0.0116841	-9.20458	0	77.4	143.428	90.0001	86.2018	3.14159	4.29167
600	61.6203	0	-1107.77	0.103645	0.430703	5.87604	0	0	-0.280397	-0	-42.3774	0	0.0112159	-9.20224	0	76.8	143.404	90.0001	86.1485	3.14159	4.29138
600	59.8466	0	-1416.63	0.103645	0.432122	5.92988	0	0	-0.29636	-0	-24.1814	0	0.0118544	-9.2	0	76.2	143.379	90.0001	86.093	3.14159	4.2911
600	57.0685	0	-1742.24	0.103645	0.434345	5.98389	0	0	-0.302745	-0	17.4777	0	0.0121098	-9.19763	-0	75.6	143.355	90.0001	86.0397	3.14159	4.2908
600	55.5943	0	-1691.96	0.103645	0.435524	6.03818	0	0	-0.294232	-0	19.9916	0	0.0117693	-9.19521	-0	75	143.333	90.0001	85.9914	3.14159	4.2905
600	55.0204	0	-1328.04	0.103645	0.435983	6.09262	0	0	-0.283589	-0	-17.2383	0	0.0113436	-9.19285	0	74.4	143.31	90.0001	85.9399	3.14159	4.2902
600	54.4336	0	-1287.34	0.103645	0.436453	6.14712	0	0	-0.301681	-0	-26.8151	0	0.0120672	-9.19058	0	73.8	143.286	90.0001	85.887	3.14159	4.28992
600	54.0255	0	-1407.05	0.103645	0.436779	6.20168	0	0	-0.325094	-0	3.35188	0	0.0130038	-9.18817	-0	73.2	143.263	90.0001	85.8348	3.14159	4.28962
600	51.8377	0	-1481.27	0.103645	0.43853	6.25628	0	0	-0.329351	-0	39.7437	0	0.013174	-9.18557	-0	72.6	143.239	90.0001	85.7819	3.14159	4.28929
600	51.4603	0	-1136.5	0.103645	0.438831	6.31109	0	0	-0.302745	-0	36.6313	0	0.0121098	-9.18293	-0	72	143.219	90.0001	85.7372	3.14159	4.28896
600	49.3471	0	-1146.08	0.103645	0.440522	6.36595	0	0	-0.219736	-0	35.6736	0	0.00878944	-9.18051	-0	71.4	143.197	90.0001	85.6875	3.14159	4.28866
600	49.2267	0	-1146.08	0.103645	0.440618	6.42101	0	0	-0.205901	-0	31.8429	0	0.00823604	-9.17875	-0	70.8	143.178	90.0001	85.6461	3.14159	4.28844
600	48.2207	0	-1691.96	0.103645	0.441423	6.47609	0	0	-0.0813866	-0	57.7003	0	0.00325546	-9.17711	-0	70.2	143.156	90.0001	85.5975	3.14159	4.28823
600	45.6291	0	-1672.8	0.103645	0.443496	6.53127	0	0	-0.0132762	-0	57.7003	0	0.000531048	-9.17646	-0	69.6	143.135	90.0001	85.551	3.14159	4.28815
600	44.0243	0	-1672.8	0.103645	0.44478	6.5867	0	0	0.00375139	-0	64.2843	0	-0.000150056	-9.17635	-0	69	143.118	90.0001	85.5128	3.14159	4.28814
600	42.2857	0	-1560.28	0.103645	0.446171	6.6423	0	0	0.0739903	-0	59.6156	0	-0.00295961	-9.17638	-0	68.4	143.099	90.0001	85.4724	3.14159	4.28814
600	40.898	0	-1550.7	0.103645	0.447281	6.69807	0	0	0.146358	-0	51.7148	0	-0.0058543	-9.17697	-0	67.8	143.082	90.0001	85.4345	3.14159	4.28822
600	39.4382	0	-1598.58	0.103645	0.448449	6.75398	0	0	0.208083	-0	46.9264	0	-0.00832331	-9.17814	-0	67.2	143.065	90.0001	85.3966	3.14159	4.28836
600	38.6421	0	-1526.76	0.103645	0.449086	6.81004	0	0	0.251716	-0	36.9904	0	-0.0100686	-9.17981	-0	66.6	143.049	90.0001	85.3602	3.14159	4.28857
600	37.5694	0	-1383.11	0.103645	0.449944	6.86618	0	0	0.283643	-0	19.6325	0	-0.0113457	-9.18182	-0	66	143.032	90.0001	85.3223	3.14159	4.28882
600	36.1859	0	-1356.77	0.103645	0.451051	6.92242	0	0	0.304927	-0	-1.43652	0	-0.0121971	-9.18409	0	65.4	143.016	90.0001	85.2869	3.14159	4.28911
600	34.7611	0	-1454.93	0.103645	0.452191	6.9788	0	0	0.30812	-0	-12.809	0	-0.0123248	-9.18653	0	64.8	143.001	90.0001	85.254	3.14159	4.28941
600	33.3457	0	-1610.56	0.103645	0.453323	7.03532	0	0	0.30067	-0	-7.78115	0	-0.0120268	-9.189	0	64.2	142.987	90.0001	85.2222	3.14159	4.28972
600	31.6618	0	-1605.77	0.103645	0.45467	7.09199	0	0	0.286835	-0	3.71101	0	-0.0114734	-9.1914	-0	63.6	142.973	90.0001	85.1911	3.14159	4.29002
600	30.4709	0	-1414.23	0.103645	0.455623	7.14882	0	0	0.275129	-0	5.26724	0	-0.0110052	-9.1937	-0	63	142.96	90.0001	85.1625	3.14159	4.29031
600	28.7414	0	-1114.96	0.103645	0.457007	7.20578	0	0	0.26023	-0	-14.0061	0	-0.0104092	-9.1959	0	62.4	142.947	90.0001	85.1339	3.14159	4.29058
600	28.4801	0	-885.112	0.103645	0.457216	7.2629	0	0	0.229367	-0	-30.0472	0	-0.00917468	-9.19798	0	61.8	142.936	90.0001	85.1099	3.14159	4.29084
600	28.3427	0	-791.739	0.103645	0.457326	7.32005	0	0	0.18467	-0	-34.7159	0	-0.00738679	-9.19981	0	61.2	142.924	90.0001	85.0816	3.14159	4.29107
600	27.1702	0	-851.594	0.103645	0.458264	7.37722	0	0	0.138908	-0	-30.1669	0	-0.00555632	-9.20129	0	60.6	142.911	90.0001	85.0534	3.14159	4.29126
600	26.3955	0	-842.017	0.103645	0.458883	7.4345	0	0	0.0984674	-0	-26.5756	0	-0.0039387	-9.2024	0	60	142.9	90.0001	85.0297	3.14159	4.2914
600	25.7454	0	-681.605	0.103645	0.459403	7.49186	0	0	0.063348	-0	-31.2443	0	-0.00253392	-9.20319	0	59.4	142.889	90.0001	85.0054	3.14159	4.29149
600	24.9612	0	-719.913	0.103645	0.460031	7.54929	0	0	0.0356781	-0	-24.4209	0	-0.00142713	-9.2037	0	58.8	142.879	90.0001	84.9818	3.14159	4.29156
600	22.6921	0	-906.66	0.103645	0.461846	7.60679	0	0	0.00907252	-0	-15.5623	0	-0.000362901	-9.20398	0	58.2	142.869	90.0001	84.9592	3.14159	4.29159
600	21.8214	0	-906.66	0.103645	0.462543	7.66452	0	0	0.00800829	-0	-22.6252	0	-0.000320332	-9.20405	0	57.6	142.862	90.0001	84.9435	3.14159	4.2916
600	20.3441	0	-1193.96	0.103645	0.463724	7.72234	0	0	-0.00369818	-0	-11.7316	0	0.000147927	-9.20412	0	57	142.853	90.0001	84.9234	3.14159	4.29161
600	19.017	0	-1177.21	0.103645	0.464786	7.78031	0	0	-0.0111478	-0	-9.57681	0	0.00044591	-9.20409	0	56.4	142.845	90.0001	84.9059	3.14159	4.29161
600	17.9583	0	-1177.21	0.103645	0.465633	7.8384	0	0	-0.012212	-0	-1.1971	0	0.000488479	-9.204	0	55.8	142.837	90.0001	84.8891	3.14159	4.2916
600	16.6499	0	-1162.84	0.103645	0.46668	7.89661	0	0	-0.0132762	-0	1.43652	0	0.000531048	-9.2039	-0	55.2	142.83	90.0002	84.8723	3.14159	4.29158
600	15.106	0	-1198.75	0.103645	0.467915	7.95494	0	0	-0.0100835	-0	-3.95043	0	0.000403341	-9.2038	0	54.6	142.823	90.0002	84.8576	3.14159	4.29157
600	14.1073	0	-1198.75	0.103645	0.468714	8.01343	0	0	-0.0143404	-0	-8.26	0	0.000573617	-9.20371	0	54	142.818	90.0002	84.8451	3.14159	4.29156
600	13.0133	0	-1268.18	0.103645	0.469589	8.07202	0	0	-0.0175331	-0	-0.598547	0	0.000701324	-9.2036	0	53.4	142.812	90.0002	84.8315	3.14159	4.29155
600	11.8847	0	-1296.92	0.103645	0.470492	8.13072	0	0	-0.0207258	-0	5.86579	0	0.000829031	-9.20346	-0	52.8	142.806	90.0002	84.819	3.14159	4.29153
600	10.8913	0	-1112.56	0.103645	0.471287	8.18953	0	0	-0.0271111	-0	-2.03507	0	0.00108445	-9.20329	0	52.2	142.801	90.0002	84.8075	3.14159	4.29151
600	9.88564	0	-983.275	0.103645	0.472091	8.24844	0	0	-0.0324323	-0	-11.6119	0	0.00129729	-9.20308	0	51.6	142.796	90.0002	84.7971	3.14159	4.29148
600	8.79595	0	-1047.92	0.103645	0.472963	8.30745	0	0	-0.0366892	-0	-10.6542	0	0.00146757	-9.20282	0	51	142.792	90.0002	84.7882	3.14159	4.29145
600	7.52711	0	-1153.26	0.103645	0.473978	8.36657	0	0	-0.0388176	-0	-4.66869	0	0.0015527	-9.20252	0	50.4	142.789	90.0002	84.7803	3.14159	4.29141
600	6.71103	0	-1196.36	0.103645	0.474631	8.42582	0	0	-0.0409461	-0	-0.83797	0	0.00163784	-9.20221	0	49.8	142.786	90.0002	84.7739	3.14159	4.29137
600	5.80785	0	-1215.51	0.103645	0.475353	8.48515	0	0	-0.0366892	-0	1.55623	0	0.00146757	-9.20189	-0	49.2	142.782	90.0002	84.7663	3.14159	4.29133
600	4.4509	0	-1222.69	0.103645	0.476439	8.54457	0	0	-0.0324323	-0	0.957678	0	0.00129729	-9.20159	-0	48.6	142.78	90.0002	84.7599	3.14159	4.2913
600	3.57273	0	-1261	0.103645	0.477141	8.60413	0	0	-0.0292396	-0	1.67594	0	0.00116958	-9.20133	-0	48	142.778	90.0002	84.7563	3.14159	4.29126
600	2.05755	0	-1294.52	0.103645	0.478354	8.66377	0	0	-0.0228542	-0	3.35188	0	0.000914169	-9.2011	-0	47.4	142.776	90.0002	84.7517	3.14159	4.29123
600	0.919011	0	-1301.7	0.103645	0.479264	8.72356	0	0	-0.0164689	-0	3.35189	0	0.000658755	-9.20092	-0	46.8	142.775	90.0002	84.7506	3.14159	4.29121
600	-0.125615	0	-1270.58	0.103645	0.4801	8.78347	0	0	-0.0111478	-0	1.31681	0	0.00044591	-9.20078	-0	46.2	142.775	90.0002	84.7492	3.14159	4.29119
600	-0.818373	0	-1189.18	0.103645	0.480654	8.84348	0	0	-0.00476241	-0	-0.239417	0	0.000190496	-9.2007	0	45.6	142.774	90.0002	84.7485	3.14159	4.29118
600	-1.8395	-0.00715256	-1189.18	0.103645	0.481471	8.90356	0	0	-0.00263396	0	5.38696	0	0.000105358	-9.20066	-0	45	142.774	90.0002	84.7474	3.14159	4.29118
599.88	-2.80409	-120.007	-980.88	0.0998926	0.482147	8.96375	0	0	0.00162294	0	2.15478	0	-6.49177e-05	-9.20064	-0	44.4	142.774	90.0002	84.7485	3.14159	4.29118
599.64	-3.22859	-240.008	-741.46	0.0961199	0.482295	9.02402	0	0	-0.00476241	0	-0.957681	0	0.000190496	-9.20065	0	43.8001	142.776	90.0002	84.751	3.14159	4.29118
599.28	-3.96035	-360.008	-741.46	0.0923265	0.482592	9.0843	0	0	-0.00795508	0	7.30232	0	0.000318203	-9.20061	-0	43.2005	142.776	90.0002	84.7527	3.14159	4.29117
598.8	-3.72516	-480.008	-499.646	0.0885124	0.48202	9.14463	0	0	-0.0175331	0	0.59855	0	0.000701324	-9.20055	-0	42.6012	142.778	90.0002	84.7563	3.14159	4.29116
598.2	-4.04539	-600.008	-351.205	0.0846775	0.481796	9.20488	-0	0	-0.0260469	0	-5.86579	0	0.00104188	-9.20041	0	42.0025	142.778	90.0002	84.757	3.14159	4.29115
597.48	-4.29622	-720.009	-346.417	0.0808219	0.481421	9.2651	-0	0	-0.0324323	0	-6.58405	0	0.00129729	-9.2002	0	41.4043	142.78	90.0002	84.7606	3.14159	4.29112
596.64	-4.10314	-840.009	-439.791	0.0769456	0.480594	9.32528	-0	0	-0.0324323	0	-3.35188	0	0.00129729	-9.19994	0	40.8068	142.781	90.0002	84.7642	3.14159	4.29109
595.68	-5.27151	-960.009	-523.588	0.0730485	0.480761	9.38536	-0	0	-0.0260469	0	0.837972	0	0.00104188	-9.19968	-0	40.2102	142.782	90.0002	84.7656	3.14159	4.29106
594.6	-5.11985	-1080.01	-542.742	0.0691307	0.479776	9.44545	-0	0	-0.0154047	0	3.35188	0	0.000616186	-9.19947	-0	39.6145	142.785	90.0002	84.7728	3.14159	4.29103
593.4	-5.53556	-1200.01	-523.588	0.0651922	0.479148	9.50542	-0	0	-0.00901931	0	4.7884	0	0.000360772	-9.19935	-0	39.02	142.786	90.0002	84.7749	3.14159	4.29101
592.08	-6.24766	-1320.01	-511.617	0.061233	0.478662	9.56532	-0	0	-0.00582663	0	13.4075	0	0.000233065	-9.19928	-0	38.4266	142.788	90.0002	84.7796	3.14159	4.29101
590.64	-6.36886	-1440.01	-437.397	0.057253	0.477607	9.62515	-0	0	0.00694407	0	25.2588	0	-0.000277763	-9.19923	-0	37.8345	142.791	90.0002	84.786	3.14159	4.291
589.08	-6.06114	-1560.01	-229.101	0.0532523	0.476113	9.68485	-0	0	0.0250359	0	23.2238	0	-0.00100144	-9.19929	-0	37.2439	142.793	90.0002	84.7907	3.14159	4.29101
587.4	-5.75794	-1680.01	-56.7186	0.0492309	0.474526	9.74436	-0	0	0.0420635	0	11.2527	0	-0.00168254	-9.19949	-0	36.6548	142.795	90.0002	84.7943	3.14159	4.29103
585.6	-5.30113	-1800.01	12.7132	0.0451887	0.472721	9.80368	-0	0	0.0516415	0	6.22492	0	-0.00206566	-9.19982	-0	36.0674	142.797	90.0002	84.7982	3.14159	4.29107
583.68	-5.12432	-1920.01	72.5683	0.0411259	0.471043	9.86277	-0	0	0.0495131	0	4.07014	0	-0.00198052	-9.20024	-0	35.4819	142.798	90.0002	84.8014	3.14159	4.29113
581.64	-4.62793	-2040.01	125.241	0.0370422	0.469014	9.92165	-0	0	0.039935	0	1.07739	0	-0.0015974	-9.20063	-0	34.8982	142.8	90.0002	84.8057	3.14159	4.29117
579.479	-4.55057	-2160.01	213.826	0.0329379	0.467224	9.98028	-0	0	0.0324855	0	-3.95043	0	-0.00129942	-9.20095	0	34.3166	142.801	90.0002	84.8086	3.14159	4.29121
577.199	-3.94248	-2280.01	307.2	0.0288128	0.464914	10.0387	-0	0	0.0239717	0	-10.5345	0	-0.000958867	-9.20121	0	33.7371	142.803	90.0002	84.8132	3.14159	4.29125
574.799	-3.43456	-2400.01	335.93	0.024667	0.462587	10.0968	-0	0	0.011201	0	-13.6469	0	-0.000448039	-9.2014	0	33.1599	142.805	90.0002	84.8157	3.14159	4.29127
572.279	-2.83303	-2520.01	185.096	0.0205005	0.46009	10.1546	-0	0	-0.00263396	0	-8.61913	0	0.000105358	-9.20149	0	32.5852	142.806	90.0002	84.8182	3.14159	4.29128
569.639	-2.90418	-2640.01	185.096	0.0163132	0.458035	10.2121	-0	0	-0.00369818	0	-8.97826	0	0.000147927	-9.20147	0	32.0129	142.806	90.0002	84.8193	3.14159	4.29128
566.879	-2.75874	-2760.01	237.768	0.0121052	0.455711	10.2694	-0	0	-0.0175331	0	-8.61913	0	0.000701324	-9.20144	0	31.4433	142.808	90.0002	84.8229	3.14159	4.29128
563.999	-2.25137	-2880.01	240.162	0.0078765	0.453001	10.3263	-0	0	-0.0260469	0	-7.0629	0	0.00104188	-9.2013	0	30.8764	142.809	90.0002	84.8257	3.14159	4.29126
560.999	-2.00112	-3000.01	240.162	0.00362705	0.4504	10.383	-0	0	-0.0271111	0	-6.10521	0	0.00108445	-9.20109	0	30.3124	142.81	90.0002	84.8268	3.14159	4.29123
557.879	-1.79325	-3120.01	249.739	-0.00064312	0.447738	10.4393	-0	0	-0.0356249	0	-5.26724	0	0.001425	-9.20088	0	29.7515	142.81	90.0002	84.8286	3.14159	4.29121
554.639	-1.48473	-3240.01	232.98	-0.00493402	0.444899	10.4952	-0	0	-0.0398818	0	-4.07014	0	0.00159527	-9.20059	0	29.1936	142.811	90.0002	84.8304	3.14159	4.29117
551.279	-1.16431	-3360.01	225.797	-0.00924566	0.441955	10.5509	-0	0	-0.0398818	0	-4.07014	0	0.00159527	-9.20027	0	28.639	142.812	90.0002	84.8315	3.14159	4.29113
547.799	-0.846259	-3480.01	201.855	-0.013578	0.438917	10.6061	-0	0	-0.0377534	0	-1.1971	0	0.00151014	-9.19995	0	28.0877	142.812	90.0002	84.8322	3.14159	4.29109
544.199	-0.860111	-3600.01	165.942	-0.0179311	0.436048	10.661	-0	0	-0.0334965	0	1.91536	0	0.00133986	-9.19965	-0	27.5399	142.812	90.0002	84.8325	3.14159	4.29105
540.479	-0.482125	-3720.01	156.365	-0.022305	0.432769	10.7155	-0	0	-0.0271111	0	2.03507	0	0.00108445	-9.19938	-0	26.9958	142.813	90.0002	84.834	3.14159	4.29102
536.639	-0.221095	-3840.01	108.481	-0.0266995	0.429488	10.7696	-0	0	-0.0185973	0	2.3942	0	0.000743893	-9.19917	-0	26.4553	142.813	90.0002	84.8336	3.14159	4.29099
532.679	-0.129924	-3960.02	60.5972	-0.0311148	0.426247	10.8232	-0	0	-0.0111478	0	2.87304	0	0.00044591	-9.19902	-0	25.9187	142.812	90.0002	84.8333	3.14159	4.29097
528.599	0.144658	-4080.02	15.1074	-0.0355508	0.422764	10.8765	-0	0	-0.00369818	0	2.99275	0	0.000147927	-9.19893	-0	25.386	142.812	90.0002	84.8333	3.14159	4.29096
524.399	-0.0791526	-4200.02	-47.1418	-0.0400075	0.419583	10.9294	-0	0	0.00481562	0	1.67594	0	-0.000192625	-9.1989	-0	24.8574	142.812	90.0002	84.8322	3.14159	4.29096
520.079	-0.0672691	-4320.02	-102.208	-0.044485	0.416117	10.9818	-0	0	0.0122652	0	1.07739	0	-0.000490608	-9.19894	-0	24.3331	142.812	90.0002	84.8329	3.14159	4.29096
515.639	-0.0654237	-4440.02	-111.785	-0.0489832	0.412564	11.0338	-0	0	0.0165221	0	-0.957681	0	-0.000660884	-9.19903	0	23.813	142.812	90.0002	84.8325	3.14159	4.29098
511.079	0.189413	-4560.02	-92.6317	-0.0535021	0.408712	11.0854	-0	0	0.0165221	0	-3.83072	0	-0.000660884	-9.19917	0	23.2974	142.812	90.0002	84.8322	3.14159	4.29099
506.399	0.067848	-4680.02	-104.603	-0.0580418	0.405065	11.1365	-0	0	0.0143936	0	-4.30956	0	-0.000575746	-9.1993	0	22.7863	142.811	90.0002	84.8307	3.14159	4.29101
501.599	-0.173162	-4800.02	-87.8433	-0.0626022	0.401418	11.1871	-0	0	0.011201	0	-5.74608	0	-0.000448039	-9.19942	0	22.2799	142.811	90.0002	84.8307	3.14159	4.29102
496.679	-0.409313	-4920.02	-44.7476	-0.0671833	0.397671	11.2373	-0	0	0.00694407	0	-9.09797	0	-0.000277763	-9.1995	0	21.7784	142.812	90.0002	84.8315	3.14159	4.29103
491.639	-0.122517	-5040.02	-37.565	-0.0717851	0.393409	11.287	-0	0	0.00162294	0	-9.4571	0	-6.49177e-05	-9.19956	0	21.2817	142.812	90.0002	84.8325	3.14159	4.29104
486.479	0.0421869	-5160.02	-116.574	-0.0764077	0.38915	11.3362	-0	0	-0.00476241	0	-4.42927	0	0.000190496	-9.19957	0	20.7901	142.812	90.0002	84.8315	3.14159	4.29104
481.199	-0.135803	-5280.02	-116.574	-0.081051	0.385068	11.3848	-0	0	-0.00582663	0	-4.30956	0	0.000233065	-9.19954	0	20.3036	142.811	90.0002	84.8304	3.14159	4.29104
475.799	-0.455651	-5400.02	-138.122	-0.085715	0.381004	11.433	-0	0	-0.0100835	0	-1.91536	0	0.000403341	-9.19949	0	19.8224	142.811	90.0002	84.8307	3.14159	4.29103
470.279	-0.113903	-5520.02	-178.823	-0.0903998	0.376314	11.4806	-0	0	-0.0111478	0	0.957681	0	0.00044591	-9.19941	-0	19.3466	142.812	90.0002	84.8318	3.14159	4.29102
464.639	-0.548511	-5640.02	-178.823	-0.0951053	0.37215	11.5276	-0	0	-0.0111478	0	1.31681	0	0.00044591	-9.19932	-0	18.8764	142.811	90.0002	84.83	3.14159	4.29101
458.879	-0.290131	-5760.02	-205.159	-0.0998315	0.367335	11.5742	-0	0	-0.00901931	0	4.07014	0	0.000360772	-9.19923	-0	18.4118	142.812	90.0002	84.8315	3.14159	4.291
452.999	-0.854321	-5880.02	-188.4	-0.104578	0.363083	11.6201	-0	0	-0.00263396	0	3.35188	0	0.000105358	-9.19916	-0	17.9529	142.811	90.0002	84.83	3.14159	4.29099
446.999	-0.586173	-6000	-174.035	-0.109345	0.358068	11.6655	-0	0	0.00481562	-0	0.957681	0	-0.000192625	-9.19913	-0	17.4999	142.812	90.0002	84.8322	3.14159	4.29099
440.999	-0.427627	-6000	-142.91	-0.110382	0.353141	11.7102	-0	0	0.00694407	-0	-0.718261	0	-0.000277763	-9.19917	0	17.0529	142.811	90.0002	84.8311	3.14159	4.29099
434.999	-0.791509	-6000	-73.4781	-0.111418	0.348632	11.7544	-0	0	0.00907252	-0	-2.03507	0	-0.000362901	-9.19923	0	16.6119	142.811	90.0002	84.8304	3.14159	4.291
428.999	-0.430579	-6000	-42.3534	-0.112455	0.343544	11.7979	-0	0	0.00800829	-0	-4.90811	0	-0.000320332	-9.1993	0	16.1769	142.812	90.0003	84.8322	3.14159	4.29101
422.999	-0.537037	-6000	-42.3534	-0.113491	0.338829	11.8409	-0	0	0.00587984	-0	-5.26724	0	-0.000235194	-9.19936	0	15.7479	142.811	90.0003	84.8311	3.14159	4.29102
416.999	-0.541332	-6000	-42.3534	-0.114528	0.334032	11.8832	-0	0	0.00481562	-0	-2.3942	0	-0.000192625	-9.19941	0	15.3249	142.812	90.0003	84.8318	3.14159	4.29102
410.999	-0.378026	-6000	-30.3824	-0.115564	0.329102	11.925	-0	0	0.00268717	-0	-3.11246	0	-0.000107487	-9.19945	0	14.9079	142.812	90.0003	84.8322	3.14159	4.29103
404.999	0.0773057	-6000	-13.623	-0.116601	0.323937	11.9661	-0	0	-0.00263396	-0	-4.18985	0	0.000105358	-9.19947	0	14.4969	142.812	90.0003	84.8318	3.14159	4.29103
398.999	-0.460773	-6000	-63.9012	-0.117637	0.319568	12.0066	-0	0	-0.00582663	-0	-1.1971	0	0.000233065	-9.19945	0	14.0919	142.811	90.0003	84.83	3.14159	4.29103
392.999	-0.136444	-6000	-104.603	-0.118674	0.314508	12.0466	-0	0	-0.00582663	-0	0	0	0.000233065	-9.1994	-0	13.6929	142.812	90.0003	84.8322	3.14159	4.29102
386.999	-0.658977	-6000	-99.8143	-0.11971	0.310126	12.0859	-0	0	-0.00476241	-0	-1.1971	0	0.000190496	-9.19936	0	13.2999	142.811	90.0003	84.8307	3.14159	4.29102
380.999	-0.212577	-6000	-95.0259	-0.120746	0.304969	12.1246	-0	0	-0.00263396	-0	-1.07739	0	0.000105358	-9.19932	0	12.9129	142.812	90.0003	84.8329	3.14159	4.29101
374.999	-0.270593	-6000	-123.756	-0.121783	0.300216	12.1628	-0	0	-0.000505507	-0	-0.23942	0	2.02203e-05	-9.1993	0	12.5319	142.811	90.0003	84.8311	3.14159	4.29101
368.999	-0.641692	-6000	-140.516	-0.122819	0.295713	12.2003	-0	0	0.00162294	-0	0	0	-6.49177e-05	-9.19929	-0	12.1569	142.811	90.0003	84.8311	3.14159	4.29101
362.999	-0.216767	-6000	-121.362	-0.123856	0.290573	12.2373	-0	0	0.00587984	-0	-0.957681	0	-0.000235194	-9.19931	0	11.7879	142.812	90.0003	84.8325	3.14159	4.29101
356.999	-0.587139	-6000	-126.15	-0.124892	0.286069	12.2736	-0	0	0.00481562	-0	-1.79565	0	-0.000192625	-9.19935	0	11.4249	142.811	90.0003	84.8307	3.14159	4.29102
350.999	-0.651503	-6000	-126.15	-0.125929	0.28132	12.3093	-0	0	0.00481562	-0	-2.63362	0	-0.000192625	-9.19939	0	11.0679	142.812	90.0003	84.8322	3.14159	4.29102
344.999	-0.129168	-6000	-97.4201	-0.126965	0.276103	12.3445	-0	0	-0.00263396	-0	-2.75333	0	0.000105358	-9.19943	0	10.7169	142.812	90.0003	84.8325	3.14159	4.29102
338.999	-0.488719	-6000	-92.6317	-0.128002	0.27159	12.379	-0	0	-0.00263396	-0	-1.67594	0	0.000105358	-9.19941	0	10.3719	142.811	90.0003	84.8304	3.14159	4.29102
332.999	-0.309441	-6000	-92.6317	-0.129038	0.266647	12.413	-0	0	-0.00263396	-0	-2.03507	0	0.000105358	-9.19939	0	10.0329	142.812	90.0003	84.8318	3.14159	4.29102
326.999	-0.549371	-6000	-85.4491	-0.130074	0.262039	12.4463	-0	0	0.000558718	-0	-1.67594	0	-2.23487e-05	-9.19937	0	9.69994	142.811	90.0003	84.8311	3.14159	4.29102
320.999	-0.299297	-6000	-116.574	-0.131111	0.257039	12.479	-0	0	0.00162294	-0	0.11971	0	-6.49177e-05	-9.19937	-0	9.37293	142.812	90.0003	84.8322	3.14159	4.29102
314.999	-0.565377	-6000	-111.785	-0.132147	0.252452	12.5112	-0	0	0.00162294	-0	-1.31681	0	-6.49177e-05	-9.19939	0	9.05193	142.811	90.0003	84.8311	3.14159	4.29102
308.999	-0.3658	-6000	-90.2375	-0.133184	0.247492	12.5427	-0	0	0.00268717	-0	-2.15478	0	-0.000107487	-9.1994	0	8.73694	142.812	90.0003	84.8322	3.14159	4.29102
302.999	-0.353338	-6000	-75.8723	-0.13422	0.242682	12.5737	-0	0	0.00162294	-0	-2.87304	0	-6.49177e-05	-9.19942	0	8.42793	142.812	90.0003	84.8315	3.14159	4.29102
296.999	-0.488652	-6000	-59.1128	-0.135257	0.23799	12.604	-0	0	0.00268717	-0	-4.30956	0	-0.000107487	-9.19943	0	8.12494	142.812	90.0003	84.8315	3.14159	4.29103
290.999	-0.436296	-6000	-56.7186	-0.136293	0.233148	12.6337	-0	0	0.000558718	-0	-3.35188	0	-2.23487e-05	-9.19946	0	7.82794	142.812	90.0003	84.8322	3.14159	4.29103
284.999	-0.326948	-6000	-73.4781	-0.13733	0.228261	12.6629	-0	0	-0.000505507	-0	-1.1971	0	2.02203e-05	-9.19946	0	7.53694	142.812	90.0003	84.8322	3.14159	4.29103
278.999	-0.180024	-6000	-92.6317	-0.138366	0.223343	12.6914	-0	0	-0.000505507	-0	-0.23942	0	2.02203e-05	-9.19946	0	7.25194	142.812	90.0003	84.8318	3.14159	4.29103
272.999	-0.294029	-6000	-90.2375	-0.139402	0.218634	12.7193	-0	0	-0.000505507	-0	-0.957681	0	2.02203e-05	-9.19945	0	6.97294	142.811	90.0003	84.8311	3.14159	4.29103
266.999	-0.152163	-6000	-92.6317	-0.140439	0.213721	12.7467	-0	0	-0.00156973	-0	-1.31681	0	6.27893e-05	-9.19945	0	6.69994	142.812	90.0003	84.8315	3.14159	4.29103
260.999	-0.352612	-6000	-90.2375	-0.141475	0.209081	12.7734	-0	0	-0.00156973	-0	-3.23217	0	6.27893e-05	-9.19944	0	6.43294	142.811	90.0003	84.8307	3.14159	4.29103
254.999	-0.276849	-6000	-92.6317	-0.142512	0.204221	12.7995	-0	0	0.000558718	-0	-3.23217	0	-2.23487e-05	-9.19942	0	6.17194	142.812	90.0003	84.8315	3.14159	4.29102
248.999	-0.21968	-6000	-95.0259	-0.143548	0.199375	12.8251	-0	0	0.00481562	-0	-1.79565	0	-0.000192625	-9.19943	0	5.91695	142.811	90.0003	84.8311	3.14159	4.29102
242.999	-0.550773	-6000	-75.8723	-0.144585	0.19484	12.85	-0	0	0.00481562	-0	-2.15478	0	-0.000192625	-9.19947	0	5.66795	142.811	90.0003	84.8307	3.14159	4.29103
236.999	-0.272077	-6000	-83.0549	-0.145621	0.189817	12.8743	-0	0	0.00587984	-0	-2.27449	0	-0.000235194	-9.19951	0	5.42494	142.812	90.0003	84.8322	3.14159	4.29103
230.999	-0.287936	-6000	-87.8433	-0.146658	0.18503	12.8981	-0	0	0.00375139	-0	-2.03507	0	-0.000150056	-9.19955	0	5.18794	142.811	90.0003	84.8311	3.14159	4.29104
224.999	-0.567034	-6000	-130.939	-0.147694	0.180453	12.9212	-0	0	-0.00156973	-0	-1.55623	0	6.27893e-05	-9.19958	0	4.95694	142.811	90.0003	84.8311	3.14159	4.29104
218.999	-0.56143	-6000	-130.939	-0.148731	0.175648	12.9437	-0	0	-0.00263396	-0	-1.55623	0	0.000105358	-9.19957	0	4.73195	142.812	90.0003	84.8322	3.14159	4.29104
212.999	-0.441988	-6000	-90.2375	-0.149767	0.170753	12.9657	-0	0	-0.00476241	-0	-3.71101	0	0.000190496	-9.19955	0	4.51295	142.812	90.0003	84.8322	3.14159	4.29104
206.999	-0.662681	-6000	-92.6317	-0.150803	0.166129	12.987	-0	0	-0.00156973	-0	-1.67594	0	6.27893e-05	-9.19951	0	4.29995	142.812	90.0003	84.8318	3.14159	4.29103
200.999	-0.448611	-6000	-92.6317	-0.15184	0.161158	13.0078	-0	0	-0.000505507	-0	-3.5913	0	2.02203e-05	-9.1995	0	4.09295	142.812	90.0003	84.8329	3.14159	4.29103
194.999	-0.0998987	-6000	-71.0838	-0.152876	0.156079	13.028	-0	0	0.00268717	-0	-4.42927	0	-0.000107487	-9.19949	0	3.89195	142.812	90.0003	84.8322	3.14159	4.29103
188.999	-0.309274	-6000	-90.2375	-0.153913	0.151447	13.0475	-0	0	0.00375139	-0	-2.63362	0	-0.000150056	-9.19952	0	3.69695	142.811	90.0003	84.8307	3.14159	4.29104
182.999	-0.173936	-6000	-104.603	-0.154949	0.146538	13.0664	-0	0	0.00375139	-0	-2.27449	0	-0.000150056	-9.19955	0	3.50796	142.812	90.0003	84.8315	3.14159	4.29104
176.999	-0.212865	-6000	-90.2375	-0.155986	0.141769	13.0847	-0	0	0.00481562	-0	-2.3942	0	-0.000192625	-9.19958	0	3.32495	142.811	90.0003	84.8307	3.14159	4.29104
170.999	-0.561423	-6000	-99.8143	-0.157022	0.137248	13.1024	-0	0	0.00162294	-0	-0.718261	0	-6.49177e-05	-9.19961	0	3.14796	142.811	90.0003	84.8308	3.14159	4.29105
164.999	0.0172752	-6000	-99.8143	-0.158059	0.131985	13.1196	-0	0	-0.000505507	-0	-0.598551	0	2.02203e-05	-9.19963	0	2.97696	142.812	90.0003	84.8322	3.14159	4.29105
158.999	-0.532561	-6000	-97.4201	-0.159095	0.127625	13.1361	-0	0	-0.00156973	-0	-1.91536	0	6.27893e-05	-9.19962	0	2.81196	142.811	90.0003	84.8297	3.14159	4.29105
152.999	-0.573364	-6000	-83.0549	-0.160131	0.122858	13.152	-0	0	-0.00263396	-0	-3.95043	0	0.000105358	-9.19961	0	2.65295	142.812	90.0003	84.8318	3.14159	4.29105
61.3471	-0.675418	-5999.97	-78.2665	-0.175963	0.0496181	13.1674	-0	0	-0.00263396	0	-3.11246	0	0.000105358	-9.19959	0	2.49996	142.812	90.0003	84.8322	3.14159	4.29104
58.9181	-0.466462	-5879.97	-102.208	-0.172651	0.0475077	13.1736	-0	0	-0.00369818	0	0.59855	0	0.000147927	-9.19957	-0	2.35294	142.812	90.0003	84.8329	3.14159	4.29104
56.5383	-0.441918	-5759.97	-87.8433	-0.169331	0.0455842	13.1795	-0	0	-0.00263396	0	-1.31681	0	0.000105358	-9.19954	0	2.21181	142.812	90.0003	84.8322	3.14159	4.29104
54.2074	-0.2471	-5639.97	-61.507	-0.166002	0.0435636	13.1852	-0	0	0.00162294	0	-4.07014	0	-6.49177e-05	-9.19952	0	2.07642	142.812	90.0003	84.8322	3.14159	4.29104
51.925	-0.337724	-5519.97	-75.8723	-0.162665	0.0418102	13.1907	-0	0	0.00375139	0	-2.03507	0	-0.000150056	-9.19953	0	1.94669	142.812	90.0003	84.8315	3.14159	4.29104
49.6915	-0.176016	-5399.97	-80.6607	-0.15932	0.039894	13.1959	-0	0	0.00268717	0	-2.3942	0	-0.000107487	-9.19956	0	1.82246	142.812	90.0003	84.8318	3.14159	4.29104
47.5072	-0.305367	-5279.97	-104.603	-0.155966	0.0382501	13.2009	-0	0	0.00268717	0	-1.67594	0	-0.000107487	-9.19958	0	1.70364	142.811	90.0003	84.8311	3.14159	4.29104
45.3721	-0.564876	-5159.97	-106.997	-0.152604	0.0367495	13.2057	-0	0	-0.000505507	0	-1.55623	0	2.02203e-05	-9.1996	0	1.59011	142.812	90.0003	84.8315	3.14159	4.29105
43.2863	-0.294852	-5039.97	-97.4201	-0.149233	0.0348649	13.2103	-0	0	-0.00263396	0	-2.03507	0	0.000105358	-9.1996	0	1.48174	142.812	90.0003	84.8325	3.14159	4.29105
41.2498	-0.308461	-4919.97	-92.6317	-0.145853	0.0332466	13.2146	-0	0	0.000558718	0	-3.23217	0	-2.23487e-05	-9.19958	0	1.37839	142.812	90.0003	84.8315	3.14159	4.29104
39.2621	-0.548198	-4799.97	-83.0549	-0.142465	0.0318482	13.2188	-0	0	0.000558718	0	-4.07014	0	-2.23487e-05	-9.19958	0	1.27997	142.812	90.0003	84.8315	3.14159	4.29104
37.3235	-0.573245	-4679.97	-71.0838	-0.139069	0.0303174	13.2228	-0	0	0.00162294	0	-4.18985	0	-6.49177e-05	-9.19959	0	1.18636	142.812	90.0003	84.8325	3.14159	4.29104
35.4338	-0.600166	-4559.97	-75.8723	-0.135664	0.0288272	13.2266	-0	0	0.00268717	0	-1.79565	0	-0.000107487	-9.1996	0	1.09741	142.812	90.0003	84.8329	3.14159	4.29105
33.5932	-0.226499	-4439.97	-75.8723	-0.132251	0.0270558	13.2302	-0	0	0.00268717	0	-1.43652	0	-0.000107487	-9.19963	0	1.01304	142.812	90.0003	84.8333	3.14159	4.29105
31.8017	-0.160247	-4319.97	-71.0838	-0.128829	0.0255695	13.2335	-0	0	0.00481562	0	-1.67594	0	-0.000192625	-9.19965	0	0.933098	142.812	90.0003	84.8318	3.14159	4.29105
30.0591	-0.185454	-4199.97	-73.4781	-0.125399	0.0241957	13.2367	-0	0	0.00481562	0	-2.15478	0	-0.000192625	-9.19969	0	0.857483	142.812	90.0003	84.8315	3.14159	4.29106
28.3657	-0.210587	-4079.97	-75.8723	-0.12196	0.022861	13.2398	-0	0	0.00268717	0	-2.75333	0	-0.000107487	-9.19972	0	0.786057	142.812	90.0003	84.8315	3.14159	4.29106
26.7215	-0.392858	-3959.97	-87.8433	-0.118513	0.0216915	13.2426	-0	0	0.00268717	0	-3.71101	0	-0.000107487	-9.19975	0	0.718719	142.812	90.0003	84.8315	3.14159	4.29106
25.1263	-0.161068	-3839.96	-102.208	-0.115057	0.0202299	13.2453	-0	0	0.000558718	0	-2.99275	0	-2.23487e-05	-9.19977	0	0.655342	142.812	90.0003	84.8322	3.14159	4.29107
23.5804	-0.598552	-3719.96	-95.0259	-0.111593	0.0193432	13.2479	-0	0	-0.00156973	0	-1.43652	0	6.27893e-05	-9.19977	0	0.595802	142.811	90.0003	84.8311	3.14159	4.29107
22.0837	-0.321792	-3599.96	-97.4201	-0.108121	0.0179244	13.2503	-0	0	-0.00263396	0	-1.43652	0	0.000105358	-9.19976	0	0.539986	142.812	90.0003	84.8329	3.14159	4.29107
20.6361	-0.25755	-3479.96	-97.4201	-0.104639	0.0167149	13.2525	-0	0	-0.000505507	0	-2.99275	0	2.02203e-05	-9.19974	0	0.487762	142.812	90.0003	84.8318	3.14159	4.29106
19.2375	-0.513605	-3359.96	-92.6317	-0.10115	0.0158009	13.2546	-0	0	-0.00156973	0	-2.51391	0	6.27893e-05	-9.19973	0	0.439026	142.812	90.0003	84.8315	3.14159	4.29106
17.8879	-0.00735694	-3239.96	-83.0549	-0.0976517	0.0143162	13.2566	-0	0	-0.000505507	0	-2.87304	0	2.02203e-05	-9.19972	0	0.393646	142.812	90.0003	84.8325	3.14159	4.29106
16.5875	-0.159726	-3119.96	-95.0259	-0.0941451	0.0133977	13.2584	-0	0	0.000558718	0	-2.75333	0	-2.23487e-05	-9.19972	0	0.351509	142.811	90.0003	84.8304	3.14159	4.29106
15.336	-0.60514	-2999.96	-104.603	-0.0906301	0.0127529	13.26	-0	0	0.00268717	0	-1.07739	0	-0.000107487	-9.19972	0	0.312485	142.811	90.0003	84.8307	3.14159	4.29106
14.1336	-0.402967	-2879.96	-95.0259	-0.0871065	0.0116292	13.2616	-0	0	0.00375139	0	-1.67594	0	-0.000150056	-9.19975	0	0.276474	142.812	90.0003	84.8325	3.14159	4.29106
12.9802	-0.548288	-2759.96	-87.8433	-0.0835746	0.0108228	13.2631	-0	0	0.00375139	0	-3.47159	0	-0.000150056	-9.19977	0	0.243332	142.812	90.0003	84.8318	3.14159	4.29107
11.8759	-0.592081	-2639.96	-92.6317	-0.0800341	0.00997437	13.2644	-0	0	0.00162294	0	-3.35188	0	-6.49177e-05	-9.1998	0	0.212952	142.812	90.0003	84.8325	3.14159	4.29107
10.8207	-0.152178	-2519.96	-90.2375	-0.0764851	0.00877833	13.2657	-0	0	-0.000505507	0	-2.27449	0	2.02203e-05	-9.19982	0	0.185211	142.812	90.0003	84.8329	3.14159	4.29107
9.81472	-0.261397	-2399.96	-73.4781	-0.0729277	0.00806089	13.2668	-0	0	-0.00156973	0	-3.11246	0	6.27893e-05	-9.19981	0	0.159988	142.811	90.0003	84.8311	3.14159	4.29107
8.8578	-0.0409654	-2279.96	-85.4491	-0.0693618	0.00711901	13.2678	-0	0	-0.00263396	0	-2.15478	0	0.000105358	-9.1998	0	0.137177	142.812	90.0003	84.8315	3.14159	4.29107
7.94997	-0.409717	-2159.96	-78.2665	-0.0657874	0.00668775	13.2687	-0	0	-0.00263396	0	-3.11246	0	0.000105358	-9.19978	0	0.116638	142.811	90.0003	84.8304	3.14159	4.29107
7.0912	-0.0572912	-2039.96	-56.7186	-0.0622045	0.00571879	13.2695	-0	0	-0.000505507	0	-4.18985	0	2.02203e-05	-9.19976	0	0.0982513	142.812	90.0003	84.8318	3.14159	4.29107
6.28147	0.053329	-1919.96	-68.6897	-0.0586132	0.00498251	13.2702	-0	0	0.00268717	0	-2.3942	0	-0.000107487	-9.19976	0	0.0819168	142.811	90.0003	84.8304	3.14159	4.29107
5.52077	-0.264512	-1799.96	-90.2375	-0.0550133	0.00462823	13.2709	-0	0	0.00268717	0	-3.11246	0	-0.000107487	-9.19978	0	0.0674973	142.811	90.0003	84.8297	3.14159	4.29107
4.80917	-0.755686	-1679.96	-92.6317	-0.0514051	0.00445188	13.2714	-0	0	0.00268717	0	-2.87304	0	-0.000107487	-9.1998	0	0.0548706	142.811	90.0003	84.8308	3.14159	4.29107
4.14665	-0.352831	-1559.96	-78.2665	-0.0477884	0.00359958	13.272	-0	0	0.00162294	0	-2.99275	0	-6.49177e-05	-9.19982	0	0.0439377	142.812	90.0003	84.8329	3.14159	4.29107
3.53322	-0.663039	-1439.97	-83.0549	-0.0441632	0.00335701	13.2724	-0	0	0.000558718	0	-2.15478	0	-2.23487e-05	-9.19983	0	0.0345612	142.812	90.0003	84.8315	3.14159	4.29108
2.96888	-0.841438	-1319.97	-95.0259	-0.0405295	0.00304825	13.2729	-0	0	-0.00263396	0	-2.03507	0	0.000105358	-9.19984	0	0.026619	142.812	90.0003	84.8329	3.14159	4.29108
2.45363	-0.366597	-1199.97	-106.997	-0.0368873	0.00225618	13.2732	-0	0	-0.00263396	0	-1.67594	0	0.000105358	-9.19982	0	0.0199966	142.813	90.0003	84.834	3.14159	4.29107
1.98744	-0.301055	-1079.97	-106.997	-0.0332367	0.0018308	13.2735	-0	0	-0.000505507	0	-0.957681	0	2.02203e-05	-9.1998	0	0.0145798	142.812	90.0003	84.8322	3.14159	4.29107
1.57032	-0.320695	-959.972	-99.8143	-0.0295776	0.00151281	13.2738	-0	0	-0.00263396	0	-2.51391	0	0.000105358	-9.19979	0	0.0102386	142.812	90.0003	84.8318	3.14159	4.29107
1.20228	-0.414228	-839.973	-99.8143	-0.02591	0.0012932	13.2739	-0	0	-0.00263396	0	-1.43652	0	0.000105358	-9.19977	0	0.00685883	142.812	90.0003	84.8318	3.14159	4.29107
0.883306	-0.247932	-719.975	-90.2375	-0.0222339	0.000904991	13.2741	-0	0	0.00162294	0	-0.957681	0	-6.49177e-05	-9.19975	0	0.00431824	142.812	90.0003	84.8322	3.14159	4.29107
0.613399	-0.106098	-599.976	-83.0549	-0.0185494	0.000575598	13.2742	-0	0	0.00375139	0	-1.1971	0	-0.000150056	-9.19977	0	0.00250244	142.812	90.0003	84.8315	3.14159	4.29107
0.392567	-0.467569	-479.978	-85.4491	-0.0148564	0.000688109	13.2743	-0	0	0.00587984	0	-0.71826	0	-0.000235194	-9.19979	0	0.00128174	142.811	90.0003	84.8307	3.14159	4.29107
0.220811	-0.374171	-359.979	-97.4201	-0.0111549	0.000475986	13.2744	-0	0	0.00481562	0	-0.837971	0	-0.000192625	-9.19984	0	0.000541687	142.812	90.0003	84.8322	3.14159	4.29108
0.0981328	-0.373443	-239.981	-92.6317	-0.00744488	0.00037726	13.2744	-0	0	0.00268717	0	-1.43652	0	-0.000107487	-9.19988	0	0.000160217	142.812	90.0003	84.8318	3.14159	4.29108
0.0245298	-0.369418	-119.982	-90.2375	-0.00372643	0.000315158	13.2745	-0	0	0.000558718	0	-1.31681	0	-2.23487e-05	-9.1999	0	1.52588e-05	142.812	90.0003	84.8318	3.14159	4.29108
